Model: "model"
_________________________________________________________________
Layer (type)                 Output Shape              Param #   
=================================================================
input_1 (InputLayer)         [(None, 400, 40, 1)]      0         
_________________________________________________________________
flatten (Flatten)            (None, 16000)             0         
_________________________________________________________________
dropout (Dropout)            (None, 16000)             0         
_________________________________________________________________
dense (Dense)                (None, 2000)              32002000  
_________________________________________________________________
dense_1 (Dense)              (None, 500)               1000500   
_________________________________________________________________
dense_2 (Dense)              (None, 500)               250500    
_________________________________________________________________
dense_3 (Dense)              (None, 100)               50100     
_________________________________________________________________
embeddings (Dense)           (None, 50)                5050      
_________________________________________________________________
flattened_encoder_output (Fl (None, 50)                0         
_________________________________________________________________
clustering (DECLayer)        (None, 5)                 250       
=================================================================
Total params: 33,308,400
Trainable params: 33,308,400
Non-trainable params: 0
_________________________________________________________________
=======================ite: 0
Distances:
[[  0.      157.09894 233.67986 122.55306 188.8875 ]
 [157.09894   0.      275.5188  110.03103 222.47464]
 [233.67986 275.5188    0.      229.1334  206.09064]
 [122.55306 110.03103 229.1334    0.      188.80789]
 [188.8875  222.47464 206.09064 188.80789   0.     ]]
Prediction results 
(pred_axis, truth_axis) 
[[24 18 16 14 55]
 [49 38  5  5  5]
 [ 1  1 33  0  4]
 [23 40  2 80 21]
 [ 3  3 44  1 15]]
True label en classified as 1, likelihood 0.49
True label de classified as 3, likelihood 0.4
True label cn classified as 4, likelihood 0.44
True label fr classified as 3, likelihood 0.8
True label ru classified as 0, likelihood 0.55
=======================ite: 16
Distances:
[[  0.      157.09897 233.67987 122.55311 188.88751]
 [157.09897   0.      275.5188  110.03106 222.47466]
 [233.67987 275.5188    0.      229.1334  206.09065]
 [122.55311 110.03106 229.1334    0.      188.8079 ]
 [188.88751 222.47466 206.09065 188.8079    0.     ]]
Prediction results 
(pred_axis, truth_axis) 
[[26 22 16 16 56]
 [52 42  5  8  5]
 [ 2  1 34  0  4]
 [17 32  1 75 20]
 [ 3  3 44  1 15]]
True label en classified as 1, likelihood 0.52
True label de classified as 1, likelihood 0.42
True label cn classified as 4, likelihood 0.44
True label fr classified as 3, likelihood 0.75
True label ru classified as 0, likelihood 0.56
=======================ite: 32
Distances:
[[  0.       157.099    233.6799   122.553154 188.88753 ]
 [157.099      0.       275.51883  110.03109  222.47467 ]
 [233.6799   275.51883    0.       229.13342  206.09065 ]
 [122.553154 110.03109  229.13342    0.       188.80792 ]
 [188.88753  222.47467  206.09065  188.80792    0.      ]]
Prediction results 
(pred_axis, truth_axis) 
[[25 23 16 16 55]
 [53 44  5  8  5]
 [ 2  1 34  0  4]
 [17 29  1 75 20]
 [ 3  3 44  1 16]]
True label en classified as 1, likelihood 0.53
True label de classified as 1, likelihood 0.44
True label cn classified as 4, likelihood 0.44
True label fr classified as 3, likelihood 0.75
True label ru classified as 0, likelihood 0.55
=======================ite: 48
Distances:
[[  0.      157.09903 233.67992 122.55319 188.88756]
 [157.09903   0.      275.51883 110.03112 222.47469]
 [233.67992 275.51883   0.      229.13344 206.09065]
 [122.55319 110.03112 229.13344   0.      188.80795]
 [188.88756 222.47469 206.09065 188.80795   0.     ]]
Prediction results 
(pred_axis, truth_axis) 
[[26 26 16 18 55]
 [53 44  5  8  5]
 [ 2  1 34  0  4]
 [16 26  1 74 20]
 [ 3  3 44  0 16]]
True label en classified as 1, likelihood 0.53
True label de classified as 1, likelihood 0.44
True label cn classified as 4, likelihood 0.44
True label fr classified as 3, likelihood 0.74
True label ru classified as 0, likelihood 0.55
=======================ite: 64
Distances:
[[  0.      157.09906 233.67993 122.55324 188.88756]
 [157.09906   0.      275.51886 110.03114 222.47472]
 [233.67993 275.51886   0.      229.13345 206.09065]
 [122.55324 110.03114 229.13345   0.      188.80797]
 [188.88756 222.47472 206.09065 188.80797   0.     ]]
Prediction results 
(pred_axis, truth_axis) 
[[25 24 16 16 56]
 [55 47  5  9  5]
 [ 2  1 35  0  4]
 [15 25  1 75 20]
 [ 3  3 43  0 15]]
True label en classified as 1, likelihood 0.55
True label de classified as 1, likelihood 0.47
True label cn classified as 4, likelihood 0.43
True label fr classified as 3, likelihood 0.75
True label ru classified as 0, likelihood 0.56
=======================ite: 80
Distances:
[[  0.      157.0991  233.67995 122.55328 188.88759]
 [157.0991    0.      275.5189  110.03117 222.47475]
 [233.67995 275.5189    0.      229.13345 206.09067]
 [122.55328 110.03117 229.13345   0.      188.80798]
 [188.88759 222.47475 206.09067 188.80798   0.     ]]
Prediction results 
(pred_axis, truth_axis) 
[[25 24 16 15 56]
 [55 47  5  8  5]
 [ 2  1 35  0  4]
 [15 25  1 77 20]
 [ 3  3 43  0 15]]
True label en classified as 1, likelihood 0.55
True label de classified as 1, likelihood 0.47
True label cn classified as 4, likelihood 0.43
True label fr classified as 3, likelihood 0.77
True label ru classified as 0, likelihood 0.56
=======================ite: 96
Distances:
[[  0.       157.09915  233.67996  122.55332  188.8876  ]
 [157.09915    0.       275.51892  110.031204 222.47478 ]
 [233.67996  275.51892    0.       229.13347  206.09067 ]
 [122.55332  110.031204 229.13347    0.       188.80801 ]
 [188.8876   222.47478  206.09067  188.80801    0.      ]]
Prediction results 
(pred_axis, truth_axis) 
[[29 27 16 16 56]
 [53 44  5  8  5]
 [ 1  1 34  0  3]
 [14 25  1 76 20]
 [ 3  3 44  0 16]]
True label en classified as 1, likelihood 0.53
True label de classified as 1, likelihood 0.44
True label cn classified as 4, likelihood 0.44
True label fr classified as 3, likelihood 0.76
True label ru classified as 0, likelihood 0.56
=======================ite: 112
Distances:
[[  0.       157.09921  233.67998  122.553375 188.88762 ]
 [157.09921    0.       275.51895  110.031235 222.4748  ]
 [233.67998  275.51895    0.       229.13348  206.09065 ]
 [122.553375 110.031235 229.13348    0.       188.80801 ]
 [188.88762  222.4748   206.09065  188.80801    0.      ]]
Prediction results 
(pred_axis, truth_axis) 
[[26 26 16 12 56]
 [55 44  5  8  5]
 [ 1  1 35  0  3]
 [15 27  1 80 21]
 [ 3  2 43  0 15]]
True label en classified as 1, likelihood 0.55
True label de classified as 1, likelihood 0.44
True label cn classified as 4, likelihood 0.43
True label fr classified as 3, likelihood 0.8
True label ru classified as 0, likelihood 0.56
=======================ite: 128
Distances:
[[  0.      157.09926 233.68    122.55341 188.88762]
 [157.09926   0.      275.51898 110.03125 222.47482]
 [233.68    275.51898   0.      229.1335  206.09065]
 [122.55341 110.03125 229.1335    0.      188.80804]
 [188.88762 222.47482 206.09065 188.80804   0.     ]]
Prediction results 
(pred_axis, truth_axis) 
[[25 26 16 12 56]
 [56 45  5  7  5]
 [ 1  1 33  0  2]
 [14 26  1 81 21]
 [ 4  2 45  0 16]]
True label en classified as 1, likelihood 0.56
True label de classified as 1, likelihood 0.45
True label cn classified as 4, likelihood 0.45
True label fr classified as 3, likelihood 0.81
True label ru classified as 0, likelihood 0.56
=======================ite: 144
Distances:
[[  0.       157.0993   233.68001  122.553444 188.88762 ]
 [157.0993     0.       275.519    110.031265 222.47485 ]
 [233.68001  275.519      0.       229.13351  206.09065 ]
 [122.553444 110.031265 229.13351    0.       188.80806 ]
 [188.88762  222.47485  206.09065  188.80806    0.      ]]
Prediction results 
(pred_axis, truth_axis) 
[[29 29 16 13 57]
 [50 44  5  6  5]
 [ 1  1 33  0  2]
 [16 24  1 81 20]
 [ 4  2 45  0 16]]
True label en classified as 1, likelihood 0.5
True label de classified as 1, likelihood 0.44
True label cn classified as 4, likelihood 0.45
True label fr classified as 3, likelihood 0.81
True label ru classified as 0, likelihood 0.57
=======================ite: 160
Distances:
[[  0.      157.09937 233.68001 122.55348 188.88763]
 [157.09937   0.      275.519   110.03127 222.47487]
 [233.68001 275.519     0.      229.13354 206.09064]
 [122.55348 110.03127 229.13354   0.      188.80809]
 [188.88763 222.47487 206.09064 188.80809   0.     ]]
Prediction results 
(pred_axis, truth_axis) 
[[27 27 16 10 58]
 [52 44  5  6  5]
 [ 1  0 33  0  1]
 [17 27  2 84 20]
 [ 3  2 44  0 16]]
True label en classified as 1, likelihood 0.52
True label de classified as 1, likelihood 0.44
True label cn classified as 4, likelihood 0.44
True label fr classified as 3, likelihood 0.84
True label ru classified as 0, likelihood 0.58
=======================ite: 176
Distances:
[[  0.      157.09941 233.68002 122.55352 188.88762]
 [157.09941   0.      275.51904 110.03127 222.4749 ]
 [233.68002 275.51904   0.      229.13356 206.09062]
 [122.55352 110.03127 229.13356   0.      188.80812]
 [188.88762 222.4749  206.09062 188.80812   0.     ]]
Prediction results 
(pred_axis, truth_axis) 
[[25 25 16 10 58]
 [54 46  5  6  5]
 [ 1  0 33  0  1]
 [17 27  2 84 20]
 [ 3  2 44  0 16]]
True label en classified as 1, likelihood 0.54
True label de classified as 1, likelihood 0.46
True label cn classified as 4, likelihood 0.44
True label fr classified as 3, likelihood 0.84
True label ru classified as 0, likelihood 0.58
=======================ite: 192
Distances:
[[  0.      157.09946 233.68002 122.55355 188.88762]
 [157.09946   0.      275.51907 110.03127 222.47491]
 [233.68002 275.51907   0.      229.13359 206.0906 ]
 [122.55355 110.03127 229.13359   0.      188.80815]
 [188.88762 222.47491 206.0906  188.80815   0.     ]]
Prediction results 
(pred_axis, truth_axis) 
[[28 29 16 10 58]
 [50 44  5  5  5]
 [ 1  0 33  0  1]
 [18 25  2 85 20]
 [ 3  2 44  0 16]]
True label en classified as 1, likelihood 0.5
True label de classified as 1, likelihood 0.44
True label cn classified as 4, likelihood 0.44
True label fr classified as 3, likelihood 0.85
True label ru classified as 0, likelihood 0.58
=======================ite: 208
Distances:
[[  0.       157.0995   233.68004  122.55359  188.8876  ]
 [157.0995     0.       275.51907  110.031265 222.47495 ]
 [233.68004  275.51907    0.       229.1336   206.0906  ]
 [122.55359  110.031265 229.1336     0.       188.80817 ]
 [188.8876   222.47495  206.0906   188.80817    0.      ]]
Prediction results 
(pred_axis, truth_axis) 
[[26 27 16 10 58]
 [52 45  5  5  5]
 [ 1  0 33  0  0]
 [18 26  2 85 20]
 [ 3  2 44  0 17]]
True label en classified as 1, likelihood 0.52
True label de classified as 1, likelihood 0.45
True label cn classified as 4, likelihood 0.44
True label fr classified as 3, likelihood 0.85
True label ru classified as 0, likelihood 0.58
=======================ite: 224
Distances:
[[  0.      157.09955 233.68004 122.55361 188.88759]
 [157.09955   0.      275.5191  110.03126 222.47498]
 [233.68004 275.5191    0.      229.13362 206.09058]
 [122.55361 110.03126 229.13362   0.      188.80818]
 [188.88759 222.47498 206.09058 188.80818   0.     ]]
Prediction results 
(pred_axis, truth_axis) 
[[26 25 16 10 58]
 [52 45  5  5  5]
 [ 1  0 33  0  0]
 [18 28  2 85 20]
 [ 3  2 44  0 17]]
True label en classified as 1, likelihood 0.52
True label de classified as 1, likelihood 0.45
True label cn classified as 4, likelihood 0.44
True label fr classified as 3, likelihood 0.85
True label ru classified as 0, likelihood 0.58
=======================ite: 240
Distances:
[[  0.       157.09961  233.68004  122.553635 188.88757 ]
 [157.09961    0.       275.51913  110.03126  222.475   ]
 [233.68004  275.51913    0.       229.13364  206.09056 ]
 [122.553635 110.03126  229.13364    0.       188.8082  ]
 [188.88757  222.475    206.09056  188.8082     0.      ]]
Prediction results 
(pred_axis, truth_axis) 
[[30 31 17 10 58]
 [49 44  4  5  4]
 [ 1  0 32  0  0]
 [17 23  1 85 21]
 [ 3  2 46  0 17]]
True label en classified as 1, likelihood 0.49
True label de classified as 1, likelihood 0.44
True label cn classified as 4, likelihood 0.46
True label fr classified as 3, likelihood 0.85
True label ru classified as 0, likelihood 0.58
=======================ite: 256
Distances:
[[  0.       157.09966  233.68005  122.553665 188.88756 ]
 [157.09966    0.       275.51917  110.03124  222.47504 ]
 [233.68005  275.51917    0.       229.13367  206.09055 ]
 [122.553665 110.03124  229.13367    0.       188.80821 ]
 [188.88756  222.47504  206.09055  188.80821    0.      ]]
Prediction results 
(pred_axis, truth_axis) 
[[26 28 16 10 58]
 [52 45  5  5  4]
 [ 1  0 32  0  0]
 [18 25  2 85 21]
 [ 3  2 45  0 17]]
True label en classified as 1, likelihood 0.52
True label de classified as 1, likelihood 0.45
True label cn classified as 4, likelihood 0.45
True label fr classified as 3, likelihood 0.85
True label ru classified as 0, likelihood 0.58
=======================ite: 272
Distances:
[[  0.       157.09969  233.68005  122.55369  188.88753 ]
 [157.09969    0.       275.51917  110.031235 222.47507 ]
 [233.68005  275.51917    0.       229.13368  206.09053 ]
 [122.55369  110.031235 229.13368    0.       188.80823 ]
 [188.88753  222.47507  206.09053  188.80823    0.      ]]
Prediction results 
(pred_axis, truth_axis) 
[[26 27 16 10 57]
 [52 45  5  5  4]
 [ 1  0 30  0  0]
 [18 26  2 85 22]
 [ 3  2 47  0 17]]
True label en classified as 1, likelihood 0.52
True label de classified as 1, likelihood 0.45
True label cn classified as 4, likelihood 0.47
True label fr classified as 3, likelihood 0.85
True label ru classified as 0, likelihood 0.57
=======================ite: 288
Distances:
[[  0.      157.09972 233.68005 122.55371 188.88753]
 [157.09972   0.      275.5192  110.03123 222.47508]
 [233.68005 275.5192    0.      229.13368 206.09052]
 [122.55371 110.03123 229.13368   0.      188.80824]
 [188.88753 222.47508 206.09052 188.80824   0.     ]]
Prediction results 
(pred_axis, truth_axis) 
[[30 31 17 10 58]
 [49 45  4  5  4]
 [ 1  0 30  0  0]
 [17 22  1 85 21]
 [ 3  2 48  0 17]]
True label en classified as 1, likelihood 0.49
True label de classified as 1, likelihood 0.45
True label cn classified as 4, likelihood 0.48
True label fr classified as 3, likelihood 0.85
True label ru classified as 0, likelihood 0.58
=======================ite: 304
Distances:
[[  0.       157.09976  233.68007  122.553734 188.8875  ]
 [157.09976    0.       275.51923  110.03121  222.47513 ]
 [233.68007  275.51923    0.       229.1337   206.0905  ]
 [122.553734 110.03121  229.1337     0.       188.80824 ]
 [188.8875   222.47513  206.0905   188.80824    0.      ]]
Prediction results 
(pred_axis, truth_axis) 
[[28 31 17 10 58]
 [50 45  4  5  4]
 [ 1  0 30  0  0]
 [18 22  2 85 21]
 [ 3  2 47  0 17]]
True label en classified as 1, likelihood 0.5
True label de classified as 1, likelihood 0.45
True label cn classified as 4, likelihood 0.47
True label fr classified as 3, likelihood 0.85
True label ru classified as 0, likelihood 0.58
=======================ite: 320
Distances:
[[  0.       157.0998   233.68007  122.55374  188.88747 ]
 [157.0998     0.       275.51923  110.031204 222.47514 ]
 [233.68007  275.51923    0.       229.13371  206.09048 ]
 [122.55374  110.031204 229.13371    0.       188.80827 ]
 [188.88747  222.47514  206.09048  188.80827    0.      ]]
Prediction results 
(pred_axis, truth_axis) 
[[27 30 16 10 58]
 [50 45  4  5  4]
 [ 1  0 29  0  0]
 [18 23  2 85 21]
 [ 4  2 49  0 17]]
True label en classified as 1, likelihood 0.5
True label de classified as 1, likelihood 0.45
True label cn classified as 4, likelihood 0.49
True label fr classified as 3, likelihood 0.85
True label ru classified as 0, likelihood 0.58
=======================ite: 336
Distances:
[[  0.       157.09982  233.68007  122.55375  188.88745 ]
 [157.09982    0.       275.51923  110.031204 222.47517 ]
 [233.68007  275.51923    0.       229.13373  206.09045 ]
 [122.55375  110.031204 229.13373    0.       188.80827 ]
 [188.88745  222.47517  206.09045  188.80827    0.      ]]
Prediction results 
(pred_axis, truth_axis) 
[[31 33 16 10 58]
 [49 45  4  5  4]
 [ 0  0 28  0  0]
 [17 20  2 85 21]
 [ 3  2 50  0 17]]
True label en classified as 1, likelihood 0.49
True label de classified as 1, likelihood 0.45
True label cn classified as 4, likelihood 0.5
True label fr classified as 3, likelihood 0.85
True label ru classified as 0, likelihood 0.58
=======================ite: 352
Distances:
[[  0.       157.09987  233.68007  122.553764 188.88744 ]
 [157.09987    0.       275.51926  110.0312   222.4752  ]
 [233.68007  275.51926    0.       229.13374  206.09044 ]
 [122.553764 110.0312   229.13374    0.       188.80829 ]
 [188.88744  222.4752   206.09044  188.80829    0.      ]]
Prediction results 
(pred_axis, truth_axis) 
[[28 32 16 10 58]
 [49 45  4  5  4]
 [ 1  0 29  0  0]
 [18 21  2 85 21]
 [ 4  2 49  0 17]]
True label en classified as 1, likelihood 0.49
True label de classified as 1, likelihood 0.45
True label cn classified as 4, likelihood 0.49
True label fr classified as 3, likelihood 0.85
True label ru classified as 0, likelihood 0.58
=======================ite: 368
Distances:
[[  0.       157.0999   233.68007  122.553764 188.8874  ]
 [157.0999     0.       275.5193   110.03118  222.47525 ]
 [233.68007  275.5193     0.       229.13376  206.09042 ]
 [122.553764 110.03118  229.13376    0.       188.8083  ]
 [188.8874   222.47525  206.09042  188.8083     0.      ]]
Prediction results 
(pred_axis, truth_axis) 
[[27 31 15 10 58]
 [50 45  4  5  4]
 [ 1  0 29  0  0]
 [18 22  3 85 21]
 [ 4  2 49  0 17]]
True label en classified as 1, likelihood 0.5
True label de classified as 1, likelihood 0.45
True label cn classified as 4, likelihood 0.49
True label fr classified as 3, likelihood 0.85
True label ru classified as 0, likelihood 0.58
=======================ite: 384
Distances:
[[  0.       157.09993  233.68005  122.553764 188.88737 ]
 [157.09993    0.       275.51932  110.03119  222.47527 ]
 [233.68005  275.51932    0.       229.13377  206.09041 ]
 [122.553764 110.03119  229.13377    0.       188.8083  ]
 [188.88737  222.47527  206.09041  188.8083     0.      ]]
Prediction results 
(pred_axis, truth_axis) 
[[30 34 17 10 59]
 [49 45  3  5  4]
 [ 0  0 28  0  0]
 [16 19  2 85 20]
 [ 5  2 50  0 17]]
True label en classified as 1, likelihood 0.49
True label de classified as 1, likelihood 0.45
True label cn classified as 4, likelihood 0.5
True label fr classified as 3, likelihood 0.85
True label ru classified as 0, likelihood 0.59
=======================ite: 400
Distances:
[[  0.       157.09998  233.68005  122.553764 188.88736 ]
 [157.09998    0.       275.51935  110.03118  222.47531 ]
 [233.68005  275.51935    0.       229.13377  206.0904  ]
 [122.553764 110.03118  229.13377    0.       188.80832 ]
 [188.88736  222.47531  206.0904   188.80832    0.      ]]
Prediction results 
(pred_axis, truth_axis) 
[[29 33 15 10 58]
 [49 45  3  5  4]
 [ 1  0 28  0  0]
 [16 20  3 85 21]
 [ 5  2 51  0 17]]
True label en classified as 1, likelihood 0.49
True label de classified as 1, likelihood 0.45
True label cn classified as 4, likelihood 0.51
True label fr classified as 3, likelihood 0.85
True label ru classified as 0, likelihood 0.58
=======================ite: 416
Distances:
[[  0.      157.1     233.68004 122.55376 188.88733]
 [157.1       0.      275.51938 110.03118 222.47536]
 [233.68004 275.51938   0.      229.13379 206.09038]
 [122.55376 110.03118 229.13379   0.      188.80833]
 [188.88733 222.47536 206.09038 188.80833   0.     ]]
Prediction results 
(pred_axis, truth_axis) 
[[29 33 14 10 58]
 [49 45  4  5  4]
 [ 1  0 28  0  0]
 [17 20  3 85 21]
 [ 4  2 51  0 17]]
True label en classified as 1, likelihood 0.49
True label de classified as 1, likelihood 0.45
True label cn classified as 4, likelihood 0.51
True label fr classified as 3, likelihood 0.85
True label ru classified as 0, likelihood 0.58
=======================ite: 432
Distances:
[[  0.      157.10004 233.68004 122.55375 188.8873 ]
 [157.10004   0.      275.5194  110.03118 222.47539]
 [233.68004 275.5194    0.      229.1338  206.09035]
 [122.55375 110.03118 229.1338    0.      188.80833]
 [188.8873  222.47539 206.09035 188.80833   0.     ]]
Prediction results 
(pred_axis, truth_axis) 
[[30 34 16 10 59]
 [49 45  3  5  4]
 [ 0  0 28  0  0]
 [16 19  2 85 20]
 [ 5  2 51  0 17]]
True label en classified as 1, likelihood 0.49
True label de classified as 1, likelihood 0.45
True label cn classified as 4, likelihood 0.51
True label fr classified as 3, likelihood 0.85
True label ru classified as 0, likelihood 0.59
=======================ite: 448
Distances:
[[  0.      157.10008 233.68002 122.55375 188.88727]
 [157.10008   0.      275.5194  110.03118 222.47543]
 [233.68002 275.5194    0.      229.1338  206.09033]
 [122.55375 110.03118 229.1338    0.      188.80833]
 [188.88727 222.47543 206.09033 188.80833   0.     ]]
Prediction results 
(pred_axis, truth_axis) 
[[29 33 15 10 58]
 [49 45  3  5  4]
 [ 1  0 28  0  0]
 [16 20  3 85 21]
 [ 5  2 51  0 17]]
True label en classified as 1, likelihood 0.49
True label de classified as 1, likelihood 0.45
True label cn classified as 4, likelihood 0.51
True label fr classified as 3, likelihood 0.85
True label ru classified as 0, likelihood 0.58
=======================ite: 464
Distances:
[[  0.      157.10011 233.68002 122.55374 188.88724]
 [157.10011   0.      275.51944 110.03118 222.47546]
 [233.68002 275.51944   0.      229.13382 206.09033]
 [122.55374 110.03118 229.13382   0.      188.80835]
 [188.88724 222.47546 206.09033 188.80835   0.     ]]
Prediction results 
(pred_axis, truth_axis) 
[[28 33 14 10 58]
 [50 45  4  5  4]
 [ 1  0 28  0  0]
 [16 20  3 85 21]
 [ 5  2 51  0 17]]
True label en classified as 1, likelihood 0.5
True label de classified as 1, likelihood 0.45
True label cn classified as 4, likelihood 0.51
True label fr classified as 3, likelihood 0.85
True label ru classified as 0, likelihood 0.58
=======================ite: 480
Distances:
[[  0.      157.10016 233.68001 122.55373 188.8872 ]
 [157.10016   0.      275.51947 110.03119 222.4755 ]
 [233.68001 275.51947   0.      229.13382 206.0903 ]
 [122.55373 110.03119 229.13382   0.      188.80836]
 [188.8872  222.4755  206.0903  188.80836   0.     ]]
Prediction results 
(pred_axis, truth_axis) 
[[31 34 15 10 59]
 [49 45  3  5  4]
 [ 0  0 28  0  0]
 [15 19  3 85 20]
 [ 5  2 51  0 17]]
True label en classified as 1, likelihood 0.49
True label de classified as 1, likelihood 0.45
True label cn classified as 4, likelihood 0.51
True label fr classified as 3, likelihood 0.85
True label ru classified as 0, likelihood 0.59
=======================ite: 496
Distances:
[[  0.      157.1002  233.68001 122.55372 188.88719]
 [157.1002    0.      275.5195  110.0312  222.47554]
 [233.68001 275.5195    0.      229.13383 206.09029]
 [122.55372 110.0312  229.13383   0.      188.80836]
 [188.88719 222.47554 206.09029 188.80836   0.     ]]
Prediction results 
(pred_axis, truth_axis) 
[[30 34 15 10 59]
 [48 44  3  5  4]
 [ 1  0 28  0  0]
 [16 20  3 85 20]
 [ 5  2 51  0 17]]
True label en classified as 1, likelihood 0.48
True label de classified as 1, likelihood 0.44
True label cn classified as 4, likelihood 0.51
True label fr classified as 3, likelihood 0.85
True label ru classified as 0, likelihood 0.59
=======================ite: 512
Distances:
[[  0.       157.10023  233.68     122.553696 188.88716 ]
 [157.10023    0.       275.51953  110.0312   222.47557 ]
 [233.68     275.51953    0.       229.13383  206.09029 ]
 [122.553696 110.0312   229.13383    0.       188.80838 ]
 [188.88716  222.47557  206.09029  188.80838    0.      ]]
Prediction results 
(pred_axis, truth_axis) 
[[28 34 14 10 58]
 [51 47  4  6  4]
 [ 1  0 29  0  0]
 [15 17  3 84 21]
 [ 5  2 50  0 17]]
True label en classified as 1, likelihood 0.51
True label de classified as 1, likelihood 0.47
True label cn classified as 4, likelihood 0.5
True label fr classified as 3, likelihood 0.84
True label ru classified as 0, likelihood 0.58
=======================ite: 528
Distances:
[[  0.       157.10027  233.68     122.55368  188.88715 ]
 [157.10027    0.       275.51956  110.031204 222.4756  ]
 [233.68     275.51956    0.       229.13383  206.09026 ]
 [122.55368  110.031204 229.13383    0.       188.80838 ]
 [188.88715  222.4756   206.09026  188.80838    0.      ]]
Prediction results 
(pred_axis, truth_axis) 
[[31 35 15 10 59]
 [49 45  3  5  4]
 [ 0  0 28  0  0]
 [15 18  3 85 20]
 [ 5  2 51  0 17]]
True label en classified as 1, likelihood 0.49
True label de classified as 1, likelihood 0.45
True label cn classified as 4, likelihood 0.51
True label fr classified as 3, likelihood 0.85
True label ru classified as 0, likelihood 0.59
=======================ite: 544
Distances:
[[  0.       157.10031  233.68     122.553665 188.88712 ]
 [157.10031    0.       275.5196   110.03121  222.47565 ]
 [233.68     275.5196     0.       229.13385  206.09024 ]
 [122.553665 110.03121  229.13385    0.       188.80838 ]
 [188.88712  222.47565  206.09024  188.80838    0.      ]]
Prediction results 
(pred_axis, truth_axis) 
[[30 35 15 10 59]
 [49 44  3  5  3]
 [ 1  0 28  0  0]
 [15 19  3 85 20]
 [ 5  2 51  0 18]]
True label en classified as 1, likelihood 0.49
True label de classified as 1, likelihood 0.44
True label cn classified as 4, likelihood 0.51
True label fr classified as 3, likelihood 0.85
True label ru classified as 0, likelihood 0.59
=======================ite: 560
Distances:
[[  0.      157.10034 233.67996 122.55365 188.88708]
 [157.10034   0.      275.51962 110.03121 222.47568]
 [233.67996 275.51962   0.      229.13385 206.09023]
 [122.55365 110.03121 229.13385   0.      188.80838]
 [188.88708 222.47568 206.09023 188.80838   0.     ]]
Prediction results 
(pred_axis, truth_axis) 
[[27 34 14 10 59]
 [51 45  4  6  4]
 [ 1  0 29  0  0]
 [16 19  3 84 20]
 [ 5  2 50  0 17]]
True label en classified as 1, likelihood 0.51
True label de classified as 1, likelihood 0.45
True label cn classified as 4, likelihood 0.5
True label fr classified as 3, likelihood 0.84
True label ru classified as 0, likelihood 0.59
=======================ite: 576
Distances:
[[  0.       157.10039  233.67996  122.553635 188.88707 ]
 [157.10039    0.       275.51965  110.03122  222.47571 ]
 [233.67996  275.51965    0.       229.13387  206.09023 ]
 [122.553635 110.03122  229.13387    0.       188.8084  ]
 [188.88707  222.47571  206.09023  188.8084     0.      ]]
Prediction results 
(pred_axis, truth_axis) 
[[31 36 14 10 59]
 [50 45  4  6  3]
 [ 0  0 28  0  0]
 [14 17  3 84 20]
 [ 5  2 51  0 18]]
True label en classified as 1, likelihood 0.5
True label de classified as 1, likelihood 0.45
True label cn classified as 4, likelihood 0.51
True label fr classified as 3, likelihood 0.84
True label ru classified as 0, likelihood 0.59
=======================ite: 592
Distances:
[[  0.       157.10043  233.67995  122.553604 188.88704 ]
 [157.10043    0.       275.51968  110.03123  222.47575 ]
 [233.67995  275.51968    0.       229.13387  206.09021 ]
 [122.553604 110.03123  229.13387    0.       188.80841 ]
 [188.88704  222.47575  206.09021  188.80841    0.      ]]
Prediction results 
(pred_axis, truth_axis) 
[[29 35 14 10 59]
 [50 44  4  6  3]
 [ 1  0 29  0  0]
 [15 19  3 84 20]
 [ 5  2 50  0 18]]
True label en classified as 1, likelihood 0.5
True label de classified as 1, likelihood 0.44
True label cn classified as 4, likelihood 0.5
True label fr classified as 3, likelihood 0.84
True label ru classified as 0, likelihood 0.59
=======================ite: 608
Distances:
[[  0.       157.10046  233.67993  122.55358  188.88701 ]
 [157.10046    0.       275.5197   110.031235 222.47578 ]
 [233.67993  275.5197     0.       229.13388  206.0902  ]
 [122.55358  110.031235 229.13388    0.       188.80841 ]
 [188.88701  222.47578  206.0902   188.80841    0.      ]]
Prediction results 
(pred_axis, truth_axis) 
[[29 33 14 10 59]
 [50 45  4  6  3]
 [ 1  0 29  0  0]
 [15 20  3 84 20]
 [ 5  2 50  0 18]]
True label en classified as 1, likelihood 0.5
True label de classified as 1, likelihood 0.45
True label cn classified as 4, likelihood 0.5
True label fr classified as 3, likelihood 0.84
True label ru classified as 0, likelihood 0.59
=======================ite: 624
Distances:
[[  0.      157.1005  233.67992 122.55356 188.887  ]
 [157.1005    0.      275.51978 110.03124 222.47583]
 [233.67992 275.51978   0.      229.13388 206.09018]
 [122.55356 110.03124 229.13388   0.      188.80841]
 [188.887   222.47583 206.09018 188.80841   0.     ]]
Prediction results 
(pred_axis, truth_axis) 
[[30 36 14 10 59]
 [51 46  4  6  3]
 [ 0  0 28  0  0]
 [14 16  3 84 20]
 [ 5  2 51  0 18]]
True label en classified as 1, likelihood 0.51
True label de classified as 1, likelihood 0.46
True label cn classified as 4, likelihood 0.51
True label fr classified as 3, likelihood 0.84
True label ru classified as 0, likelihood 0.59
=======================ite: 640
Distances:
[[  0.       157.10054  233.6799   122.553535 188.88698 ]
 [157.10054    0.       275.5198   110.03125  222.47586 ]
 [233.6799   275.5198     0.       229.13388  206.09018 ]
 [122.553535 110.03125  229.13388    0.       188.80843 ]
 [188.88698  222.47586  206.09018  188.80843    0.      ]]
Prediction results 
(pred_axis, truth_axis) 
[[28 35 14 10 59]
 [50 44  4  6  3]
 [ 1  0 29  0  0]
 [16 19  3 84 20]
 [ 5  2 50  0 18]]
True label en classified as 1, likelihood 0.5
True label de classified as 1, likelihood 0.44
True label cn classified as 4, likelihood 0.5
True label fr classified as 3, likelihood 0.84
True label ru classified as 0, likelihood 0.59
=======================ite: 656
Distances:
[[  0.      157.10059 233.67989 122.55351 188.88695]
 [157.10059   0.      275.51984 110.03126 222.47589]
 [233.67989 275.51984   0.      229.1339  206.09016]
 [122.55351 110.03126 229.1339    0.      188.80843]
 [188.88695 222.47589 206.09016 188.80843   0.     ]]
Prediction results 
(pred_axis, truth_axis) 
[[28 34 14 10 59]
 [51 44  4  6  3]
 [ 1  0 29  0  0]
 [15 20  3 84 20]
 [ 5  2 50  0 18]]
True label en classified as 1, likelihood 0.51
True label de classified as 1, likelihood 0.44
True label cn classified as 4, likelihood 0.5
True label fr classified as 3, likelihood 0.84
True label ru classified as 0, likelihood 0.59
=======================ite: 672
Distances:
[[  0.       157.10062  233.67987  122.55348  188.88692 ]
 [157.10062    0.       275.51987  110.031265 222.47592 ]
 [233.67987  275.51987    0.       229.1339   206.09015 ]
 [122.55348  110.031265 229.1339     0.       188.80844 ]
 [188.88692  222.47592  206.09015  188.80844    0.      ]]
Prediction results 
(pred_axis, truth_axis) 
[[30 36 14 10 60]
 [52 46  4  6  3]
 [ 0  0 28  0  0]
 [13 16  3 84 20]
 [ 5  2 51  0 17]]
True label en classified as 1, likelihood 0.52
True label de classified as 1, likelihood 0.46
True label cn classified as 4, likelihood 0.51
True label fr classified as 3, likelihood 0.84
True label ru classified as 0, likelihood 0.6
=======================ite: 688
Distances:
[[  0.      157.10065 233.67986 122.55345 188.8869 ]
 [157.10065   0.      275.5199  110.03127 222.47595]
 [233.67986 275.5199    0.      229.1339  206.09015]
 [122.55345 110.03127 229.1339    0.      188.80844]
 [188.8869  222.47595 206.09015 188.80844   0.     ]]
Prediction results 
(pred_axis, truth_axis) 
[[28 35 14 10 59]
 [51 45  4  6  3]
 [ 1  0 29  0  0]
 [15 18  3 84 20]
 [ 5  2 50  0 18]]
True label en classified as 1, likelihood 0.51
True label de classified as 1, likelihood 0.45
True label cn classified as 4, likelihood 0.5
True label fr classified as 3, likelihood 0.84
True label ru classified as 0, likelihood 0.59
=======================ite: 704
Distances:
[[  0.      157.10068 233.67984 122.55342 188.88689]
 [157.10068   0.      275.51993 110.03128 222.476  ]
 [233.67984 275.51993   0.      229.1339  206.09013]
 [122.55342 110.03128 229.1339    0.      188.80844]
 [188.88689 222.476   206.09013 188.80844   0.     ]]
Prediction results 
(pred_axis, truth_axis) 
[[28 34 14 10 59]
 [51 45  4  6  3]
 [ 1  0 29  0  0]
 [15 19  3 84 20]
 [ 5  2 50  0 18]]
True label en classified as 1, likelihood 0.51
True label de classified as 1, likelihood 0.45
True label cn classified as 4, likelihood 0.5
True label fr classified as 3, likelihood 0.84
True label ru classified as 0, likelihood 0.59
=======================ite: 720
Distances:
[[  0.       157.10071  233.67984  122.55339  188.88686 ]
 [157.10071    0.       275.51996  110.031296 222.47601 ]
 [233.67984  275.51996    0.       229.1339   206.09013 ]
 [122.55339  110.031296 229.1339     0.       188.80844 ]
 [188.88686  222.47601  206.09013  188.80844    0.      ]]
Prediction results 
(pred_axis, truth_axis) 
[[30 36 14 10 60]
 [52 46  4  6  3]
 [ 0  0 28  0  0]
 [13 16  3 84 20]
 [ 5  2 51  0 17]]
True label en classified as 1, likelihood 0.52
True label de classified as 1, likelihood 0.46
True label cn classified as 4, likelihood 0.51
True label fr classified as 3, likelihood 0.84
True label ru classified as 0, likelihood 0.6
=======================ite: 736
Distances:
[[  0.      157.10074 233.67982 122.55335 188.88684]
 [157.10074   0.      275.52    110.0313  222.47604]
 [233.67982 275.52      0.      229.1339  206.09012]
 [122.55335 110.0313  229.1339    0.      188.80844]
 [188.88684 222.47604 206.09012 188.80844   0.     ]]
Prediction results 
(pred_axis, truth_axis) 
[[28 36 14 10 59]
 [50 43  4  6  3]
 [ 1  0 29  0  0]
 [16 19  3 84 20]
 [ 5  2 50  0 18]]
True label en classified as 1, likelihood 0.5
True label de classified as 1, likelihood 0.43
True label cn classified as 4, likelihood 0.5
True label fr classified as 3, likelihood 0.84
True label ru classified as 0, likelihood 0.59
=======================ite: 752
Distances:
[[  0.       157.10075  233.67981  122.553314 188.88681 ]
 [157.10075    0.       275.52     110.03131  222.47607 ]
 [233.67981  275.52       0.       229.1339   206.09012 ]
 [122.553314 110.03131  229.1339     0.       188.80844 ]
 [188.88681  222.47607  206.09012  188.80844    0.      ]]
Prediction results 
(pred_axis, truth_axis) 
[[28 33 14 10 59]
 [52 45  4  6  3]
 [ 1  0 29  0  0]
 [14 20  3 84 20]
 [ 5  2 50  0 18]]
True label en classified as 1, likelihood 0.52
True label de classified as 1, likelihood 0.45
True label cn classified as 4, likelihood 0.5
True label fr classified as 3, likelihood 0.84
True label ru classified as 0, likelihood 0.59
=======================ite: 768
Distances:
[[  0.       157.10078  233.67978  122.553276 188.8868  ]
 [157.10078    0.       275.52002  110.03132  222.47609 ]
 [233.67978  275.52002    0.       229.1339   206.0901  ]
 [122.553276 110.03132  229.1339     0.       188.80844 ]
 [188.8868   222.47609  206.0901   188.80844    0.      ]]
Prediction results 
(pred_axis, truth_axis) 
[[29 36 14 10 60]
 [52 46  4  6  3]
 [ 0  0 28  0  0]
 [14 16  3 84 20]
 [ 5  2 51  0 17]]
True label en classified as 1, likelihood 0.52
True label de classified as 1, likelihood 0.46
True label cn classified as 4, likelihood 0.51
True label fr classified as 3, likelihood 0.84
True label ru classified as 0, likelihood 0.6
=======================ite: 784
Distances:
[[  0.       157.1008   233.67978  122.553246 188.88676 ]
 [157.1008     0.       275.52005  110.03132  222.47612 ]
 [233.67978  275.52005    0.       229.1339   206.0901  ]
 [122.553246 110.03132  229.1339     0.       188.80844 ]
 [188.88676  222.47612  206.0901   188.80844    0.      ]]
Prediction results 
(pred_axis, truth_axis) 
[[28 36 14 10 59]
 [52 44  4  6  3]
 [ 1  0 29  0  0]
 [14 18  3 84 20]
 [ 5  2 50  0 18]]
True label en classified as 1, likelihood 0.52
True label de classified as 1, likelihood 0.44
True label cn classified as 4, likelihood 0.5
True label fr classified as 3, likelihood 0.84
True label ru classified as 0, likelihood 0.59
=======================ite: 800
Distances:
[[  0.      157.10083 233.67976 122.55321 188.88675]
 [157.10083   0.      275.52008 110.03132 222.47614]
 [233.67976 275.52008   0.      229.1339  206.0901 ]
 [122.55321 110.03132 229.1339    0.      188.80844]
 [188.88675 222.47614 206.0901  188.80844   0.     ]]
Prediction results 
(pred_axis, truth_axis) 
[[28 35 14 10 59]
 [51 43  4  6  3]
 [ 1  0 29  0  0]
 [15 20  3 84 20]
 [ 5  2 50  0 18]]
True label en classified as 1, likelihood 0.51
True label de classified as 1, likelihood 0.43
True label cn classified as 4, likelihood 0.5
True label fr classified as 3, likelihood 0.84
True label ru classified as 0, likelihood 0.59
=======================ite: 816
Distances:
[[  0.      157.10085 233.67975 122.55317 188.88672]
 [157.10085   0.      275.52008 110.03133 222.47617]
 [233.67975 275.52008   0.      229.1339  206.09009]
 [122.55317 110.03133 229.1339    0.      188.80844]
 [188.88672 222.47617 206.09009 188.80844   0.     ]]
Prediction results 
(pred_axis, truth_axis) 
[[29 36 14 10 60]
 [52 45  4  6  3]
 [ 0  0 28  0  0]
 [14 17  3 84 20]
 [ 5  2 51  0 17]]
True label en classified as 1, likelihood 0.52
True label de classified as 1, likelihood 0.45
True label cn classified as 4, likelihood 0.51
True label fr classified as 3, likelihood 0.84
True label ru classified as 0, likelihood 0.6
=======================ite: 832
Distances:
[[  0.      157.10088 233.67973 122.55314 188.8867 ]
 [157.10088   0.      275.5201  110.03133 222.4762 ]
 [233.67973 275.5201    0.      229.1339  206.09007]
 [122.55314 110.03133 229.1339    0.      188.80846]
 [188.8867  222.4762  206.09007 188.80846   0.     ]]
Prediction results 
(pred_axis, truth_axis) 
[[28 36 14 10 59]
 [52 44  4  6  3]
 [ 1  0 29  0  0]
 [14 18  3 84 20]
 [ 5  2 50  0 18]]
True label en classified as 1, likelihood 0.52
True label de classified as 1, likelihood 0.44
True label cn classified as 4, likelihood 0.5
True label fr classified as 3, likelihood 0.84
True label ru classified as 0, likelihood 0.59
=======================ite: 848
Distances:
[[  0.      157.10089 233.67972 122.5531  188.88669]
 [157.10089   0.      275.52014 110.03133 222.47621]
 [233.67972 275.52014   0.      229.13391 206.09007]
 [122.5531  110.03133 229.13391   0.      188.80846]
 [188.88669 222.47621 206.09007 188.80846   0.     ]]
Prediction results 
(pred_axis, truth_axis) 
[[28 35 14 10 59]
 [50 43  4  6  3]
 [ 1  0 29  0  0]
 [16 20  3 84 20]
 [ 5  2 50  0 18]]
True label en classified as 1, likelihood 0.5
True label de classified as 1, likelihood 0.43
True label cn classified as 4, likelihood 0.5
True label fr classified as 3, likelihood 0.84
True label ru classified as 0, likelihood 0.59
=======================ite: 864
Distances:
[[  0.      157.1009  233.6797  122.55306 188.88666]
 [157.1009    0.      275.52017 110.03134 222.47624]
 [233.6797  275.52017   0.      229.1339  206.09007]
 [122.55306 110.03134 229.1339    0.      188.80846]
 [188.88666 222.47624 206.09007 188.80846   0.     ]]
Prediction results 
(pred_axis, truth_axis) 
[[29 37 14 10 60]
 [52 45  4  6  3]
 [ 0  0 28  0  0]
 [14 16  3 84 20]
 [ 5  2 51  0 17]]
True label en classified as 1, likelihood 0.52
True label de classified as 1, likelihood 0.45
True label cn classified as 4, likelihood 0.51
True label fr classified as 3, likelihood 0.84
True label ru classified as 0, likelihood 0.6
=======================ite: 880
Distances:
[[  0.       157.10094  233.67969  122.553024 188.88664 ]
 [157.10094    0.       275.5202   110.03134  222.47626 ]
 [233.67969  275.5202     0.       229.13391  206.09007 ]
 [122.553024 110.03134  229.13391    0.       188.80846 ]
