Model: "model"
_________________________________________________________________
Layer (type)                 Output Shape              Param #   
=================================================================
input_1 (InputLayer)         [(None, 400, 40, 1)]      0         
_________________________________________________________________
dropout (Dropout)            (None, 400, 40, 1)        0         
_________________________________________________________________
conv2d (Conv2D)              (None, 400, 40, 32)       320       
_________________________________________________________________
max_pooling2d (MaxPooling2D) (None, 200, 20, 32)       0         
_________________________________________________________________
conv2d_1 (Conv2D)            (None, 200, 20, 64)       18496     
_________________________________________________________________
max_pooling2d_1 (MaxPooling2 (None, 100, 10, 64)       0         
_________________________________________________________________
conv2d_2 (Conv2D)            (None, 100, 10, 128)      73856     
_________________________________________________________________
conv2d_3 (Conv2D)            (None, 100, 10, 256)      295168    
_________________________________________________________________
max_pooling2d_2 (MaxPooling2 (None, 100, 1, 256)       0         
_________________________________________________________________
flatten (Flatten)            (None, 25600)             0         
_________________________________________________________________
embeddings (Dense)           (None, 2000)              51202000  
_________________________________________________________________
flattened_encoder_output (Fl (None, 2000)              0         
_________________________________________________________________
clustering (DECLayer)        (None, 5)                 10000     
=================================================================
Total params: 51,599,840
Trainable params: 51,599,840
Non-trainable params: 0
_________________________________________________________________
=======================ite: 0
Distances:
[[ 0.       24.146713 67.82773  29.662619 54.751522]
 [24.146713  0.       51.08674  34.53516  38.77595 ]
 [67.82773  51.08674   0.       80.40389  36.96175 ]
 [29.662619 34.53516  80.40389   0.       61.69699 ]
 [54.751522 38.77595  36.96175  61.69699   0.      ]]
Prediction results 
(pred_axis, truth_axis) 
[[64 62  0 89 22]
 [19 23  5 11 74]
 [ 1  0 37  0  0]
 [16 14 22  0  1]
 [ 0  1 36  0  3]]
True label en classified as 0, likelihood 0.64
True label de classified as 0, likelihood 0.62
True label cn classified as 2, likelihood 0.37
True label fr classified as 0, likelihood 0.89
True label ru classified as 1, likelihood 0.74
=======================ite: 16
Distances:
[[ 0.       24.14673  67.82774  29.662628 54.751534]
 [24.14673   0.       51.08674  34.535164 38.775955]
 [67.82774  51.08674   0.       80.40389  36.961754]
 [29.662628 34.535164 80.40389   0.       61.696995]
 [54.751534 38.775955 36.961754 61.696995  0.      ]]
Prediction results 
(pred_axis, truth_axis) 
[[63 58  0 87 21]
 [20 26  6 13 75]
 [ 1  0 38  0  0]
 [15 15 20  0  1]
 [ 1  1 36  0  3]]
True label en classified as 0, likelihood 0.63
True label de classified as 0, likelihood 0.58
True label cn classified as 2, likelihood 0.38
True label fr classified as 0, likelihood 0.87
True label ru classified as 1, likelihood 0.75
=======================ite: 32
Distances:
[[ 0.       24.146746 67.82775  29.662636 54.75155 ]
 [24.146746  0.       51.08674  34.53517  38.775955]
 [67.82775  51.08674   0.       80.4039   36.961754]
 [29.662636 34.53517  80.4039    0.       61.697   ]
 [54.75155  38.775955 36.961754 61.697     0.      ]]
Prediction results 
(pred_axis, truth_axis) 
[[62 58  0 86 21]
 [21 27  6 14 76]
 [ 1  0 38  0  0]
 [15 14 20  0  1]
 [ 1  1 36  0  2]]
True label en classified as 0, likelihood 0.62
True label de classified as 0, likelihood 0.58
True label cn classified as 2, likelihood 0.38
True label fr classified as 0, likelihood 0.86
True label ru classified as 1, likelihood 0.76
=======================ite: 48
Distances:
[[ 0.       24.146765 67.82777  29.662647 54.75156 ]
 [24.146765  0.       51.08674  34.53518  38.77596 ]
 [67.82777  51.08674   0.       80.4039   36.961754]
 [29.662647 34.53518  80.4039    0.       61.697002]
 [54.75156  38.77596  36.961754 61.697002  0.      ]]
Prediction results 
(pred_axis, truth_axis) 
[[62 60  0 88 21]
 [21 26  6 12 76]
 [ 1  0 37  0  0]
 [15 13 20  0  1]
 [ 1  1 37  0  2]]
True label en classified as 0, likelihood 0.62
True label de classified as 0, likelihood 0.6
True label cn classified as 2, likelihood 0.37
True label fr classified as 0, likelihood 0.88
True label ru classified as 1, likelihood 0.76
=======================ite: 64
Distances:
[[ 0.       24.146788 67.827774 29.662659 54.751575]
 [24.146788  0.       51.08674  34.535183 38.77596 ]
 [67.827774 51.08674   0.       80.40391  36.961758]
 [29.662659 34.535183 80.40391   0.       61.697006]
 [54.751575 38.77596  36.961758 61.697006  0.      ]]
Prediction results 
(pred_axis, truth_axis) 
[[62 60  0 88 21]
 [21 26  6 12 76]
 [ 1  0 37  0  0]
 [15 13 20  0  1]
 [ 1  1 37  0  2]]
True label en classified as 0, likelihood 0.62
True label de classified as 0, likelihood 0.6
True label cn classified as 2, likelihood 0.37
True label fr classified as 0, likelihood 0.88
True label ru classified as 1, likelihood 0.76
=======================ite: 80
Distances:
[[ 0.       24.146809 67.82779  29.66267  54.75159 ]
 [24.146809  0.       51.08674  34.53519  38.775963]
 [67.82779  51.08674   0.       80.403915 36.961758]
 [29.66267  34.53519  80.403915  0.       61.697014]
 [54.75159  38.775963 36.961758 61.697014  0.      ]]
Prediction results 
(pred_axis, truth_axis) 
[[62 60  0 88 21]
 [21 26  7 12 76]
 [ 1  0 38  0  0]
 [15 13 19  0  1]
 [ 1  1 36  0  2]]
True label en classified as 0, likelihood 0.62
True label de classified as 0, likelihood 0.6
True label cn classified as 2, likelihood 0.38
True label fr classified as 0, likelihood 0.88
True label ru classified as 1, likelihood 0.76
=======================ite: 96
Distances:
[[ 0.       24.146832 67.827805 29.662685 54.751606]
 [24.146832  0.       51.08674  34.5352   38.775963]
 [67.827805 51.08674   0.       80.403915 36.96176 ]
 [29.662685 34.5352   80.403915  0.       61.697018]
 [54.751606 38.775963 36.96176  61.697018  0.      ]]
Prediction results 
(pred_axis, truth_axis) 
[[62 60  0 88 20]
 [21 26  7 12 77]
 [ 1  0 38  0  0]
 [15 13 19  0  1]
 [ 1  1 36  0  2]]
True label en classified as 0, likelihood 0.62
True label de classified as 0, likelihood 0.6
True label cn classified as 2, likelihood 0.38
True label fr classified as 0, likelihood 0.88
True label ru classified as 1, likelihood 0.77
=======================ite: 112
Distances:
[[ 0.       24.146858 67.82782  29.6627   54.751625]
 [24.146858  0.       51.086735 34.535206 38.775963]
 [67.82782  51.086735  0.       80.40392  36.96176 ]
 [29.6627   34.535206 80.40392   0.       61.697025]
 [54.751625 38.775963 36.96176  61.697025  0.      ]]
Prediction results 
(pred_axis, truth_axis) 
[[62 62  0 88 20]
 [21 26  7 12 77]
 [ 1  0 38  0  0]
 [15 11 19  0  1]
 [ 1  1 36  0  2]]
True label en classified as 0, likelihood 0.62
True label de classified as 0, likelihood 0.62
True label cn classified as 2, likelihood 0.38
True label fr classified as 0, likelihood 0.88
True label ru classified as 1, likelihood 0.77
=======================ite: 128
Distances:
[[ 0.       24.146883 67.827835 29.662716 54.75164 ]
 [24.146883  0.       51.086735 34.535213 38.775967]
 [67.827835 51.086735  0.       80.40392  36.96176 ]
 [29.662716 34.535213 80.40392   0.       61.69703 ]
 [54.75164  38.775967 36.96176  61.69703   0.      ]]
Prediction results 
(pred_axis, truth_axis) 
[[62 62  0 88 19]
 [21 26  7 12 77]
 [ 1  0 38  0  0]
 [15 11 19  0  1]
 [ 1  1 36  0  3]]
True label en classified as 0, likelihood 0.62
True label de classified as 0, likelihood 0.62
True label cn classified as 2, likelihood 0.38
True label fr classified as 0, likelihood 0.88
True label ru classified as 1, likelihood 0.77
=======================ite: 144
Distances:
[[ 0.       24.146912 67.82784  29.662733 54.75166 ]
 [24.146912  0.       51.08673  34.535225 38.775967]
 [67.82784  51.08673   0.       80.40393  36.961765]
 [29.662733 34.535225 80.40393   0.       61.697033]
 [54.75166  38.775967 36.961765 61.697033  0.      ]]
Prediction results 
(pred_axis, truth_axis) 
[[62 63  0 88 19]
 [21 27  7 12 77]
 [ 1  0 38  0  0]
 [15  9 19  0  1]
 [ 1  1 36  0  3]]
True label en classified as 0, likelihood 0.62
True label de classified as 0, likelihood 0.63
True label cn classified as 2, likelihood 0.38
True label fr classified as 0, likelihood 0.88
True label ru classified as 1, likelihood 0.77
=======================ite: 160
Distances:
[[ 0.       24.146942 67.82786  29.662752 54.75168 ]
 [24.146942  0.       51.08673  34.535233 38.775967]
 [67.82786  51.08673   0.       80.40393  36.961765]
 [29.662752 34.535233 80.40393   0.       61.697037]
 [54.75168  38.775967 36.961765 61.697037  0.      ]]
Prediction results 
(pred_axis, truth_axis) 
[[63 63  0 88 19]
 [21 27  7 12 76]
 [ 1  0 38  0  0]
 [14  9 19  0  1]
 [ 1  1 36  0  4]]
True label en classified as 0, likelihood 0.63
True label de classified as 0, likelihood 0.63
True label cn classified as 2, likelihood 0.38
True label fr classified as 0, likelihood 0.88
True label ru classified as 1, likelihood 0.76
=======================ite: 176
Distances:
[[ 0.       24.146973 67.82787  29.662771 54.751694]
 [24.146973  0.       51.086727 34.53524  38.77597 ]
 [67.82787  51.086727  0.       80.40394  36.961765]
 [29.662771 34.53524  80.40394   0.       61.69704 ]
 [54.751694 38.77597  36.961765 61.69704   0.      ]]
Prediction results 
(pred_axis, truth_axis) 
[[61 63  0 88 18]
 [23 27  7 12 76]
 [ 1  0 38  0  0]
 [14  9 19  0  1]
 [ 1  1 36  0  5]]
True label en classified as 0, likelihood 0.61
True label de classified as 0, likelihood 0.63
True label cn classified as 2, likelihood 0.38
True label fr classified as 0, likelihood 0.88
True label ru classified as 1, likelihood 0.76
=======================ite: 192
Distances:
[[ 0.       24.147007 67.82789  29.662792 54.751713]
 [24.147007  0.       51.086727 34.53525  38.77597 ]
 [67.82789  51.086727  0.       80.403946 36.961765]
 [29.662792 34.53525  80.403946  0.       61.697044]
 [54.751713 38.77597  36.961765 61.697044  0.      ]]
Prediction results 
(pred_axis, truth_axis) 
[[62 64  0 89 18]
 [22 27  7 11 76]
 [ 1  0 38  0  0]
 [14  8 19  0  1]
 [ 1  1 36  0  5]]
True label en classified as 0, likelihood 0.62
True label de classified as 0, likelihood 0.64
True label cn classified as 2, likelihood 0.38
True label fr classified as 0, likelihood 0.89
True label ru classified as 1, likelihood 0.76
=======================ite: 208
Distances:
[[ 0.       24.147045 67.8279   29.662817 54.751736]
 [24.147045  0.       51.08672  34.535263 38.77597 ]
 [67.8279   51.08672   0.       80.403946 36.96177 ]
 [29.662817 34.535263 80.403946  0.       61.697052]
 [54.751736 38.77597  36.96177  61.697052  0.      ]]
Prediction results 
(pred_axis, truth_axis) 
[[63 64  0 90 18]
 [22 27  7 10 76]
 [ 1  0 39  0  0]
 [13  8 19  0  1]
 [ 1  1 35  0  5]]
True label en classified as 0, likelihood 0.63
True label de classified as 0, likelihood 0.64
True label cn classified as 2, likelihood 0.39
True label fr classified as 0, likelihood 0.9
True label ru classified as 1, likelihood 0.76
=======================ite: 224
Distances:
[[ 0.       24.147081 67.82793  29.66284  54.751755]
 [24.147081  0.       51.08672  34.53527  38.77597 ]
 [67.82793  51.08672   0.       80.40395  36.96177 ]
 [29.66284  34.53527  80.40395   0.       61.697056]
 [54.751755 38.77597  36.96177  61.697056  0.      ]]
Prediction results 
(pred_axis, truth_axis) 
[[61 64  0 89 18]
 [23 27  6 11 76]
 [ 1  0 39  0  0]
 [14  8 19  0  1]
 [ 1  1 36  0  5]]
True label en classified as 0, likelihood 0.61
True label de classified as 0, likelihood 0.64
True label cn classified as 2, likelihood 0.39
True label fr classified as 0, likelihood 0.89
True label ru classified as 1, likelihood 0.76
=======================ite: 240
Distances:
[[ 0.       24.147121 67.82794  29.662865 54.751774]
 [24.147121  0.       51.08671  34.535282 38.77597 ]
 [67.82794  51.08671   0.       80.40395  36.96177 ]
 [29.662865 34.535282 80.40395   0.       61.69706 ]
 [54.751774 38.77597  36.96177  61.69706   0.      ]]
Prediction results 
(pred_axis, truth_axis) 
[[63 65  0 90 18]
 [22 27  7 10 76]
 [ 1  0 39  0  0]
 [13  7 19  0  1]
 [ 1  1 35  0  5]]
True label en classified as 0, likelihood 0.63
True label de classified as 0, likelihood 0.65
True label cn classified as 2, likelihood 0.39
True label fr classified as 0, likelihood 0.9
True label ru classified as 1, likelihood 0.76
=======================ite: 256
Distances:
[[ 0.       24.147163 67.827965 29.662893 54.751797]
 [24.147163  0.       51.086708 34.535294 38.775967]
 [67.827965 51.086708  0.       80.40396  36.96177 ]
 [29.662893 34.535294 80.40396   0.       61.697063]
 [54.751797 38.775967 36.96177  61.697063  0.      ]]
Prediction results 
(pred_axis, truth_axis) 
[[63 66  0 90 18]
 [22 27  7 10 76]
 [ 1  0 39  0  0]
 [13  6 19  0  1]
 [ 1  1 35  0  5]]
True label en classified as 0, likelihood 0.63
True label de classified as 0, likelihood 0.66
True label cn classified as 2, likelihood 0.39
True label fr classified as 0, likelihood 0.9
True label ru classified as 1, likelihood 0.76
=======================ite: 272
Distances:
[[ 0.       24.147203 67.82798  29.662918 54.75182 ]
 [24.147203  0.       51.086708 34.5353   38.775967]
 [67.82798  51.086708  0.       80.40396  36.96177 ]
 [29.662918 34.5353   80.40396   0.       61.697067]
 [54.75182  38.775967 36.96177  61.697067  0.      ]]
Prediction results 
(pred_axis, truth_axis) 
[[61 65  0 90 18]
 [23 27  6 10 76]
 [ 1  0 39  0  0]
 [14  7 19  0  1]
 [ 1  1 36  0  5]]
True label en classified as 0, likelihood 0.61
True label de classified as 0, likelihood 0.65
True label cn classified as 2, likelihood 0.39
True label fr classified as 0, likelihood 0.9
True label ru classified as 1, likelihood 0.76
=======================ite: 288
Distances:
[[ 0.       24.147247 67.827995 29.662945 54.751842]
 [24.147247  0.       51.0867   34.535313 38.775967]
 [67.827995 51.0867    0.       80.40396  36.96177 ]
 [29.662945 34.535313 80.40396   0.       61.69707 ]
 [54.751842 38.775967 36.96177  61.69707   0.      ]]
Prediction results 
(pred_axis, truth_axis) 
[[63 65  0 90 18]
 [22 27  7 10 76]
 [ 1  0 39  0  0]
 [13  7 19  0  1]
 [ 1  1 35  0  5]]
True label en classified as 0, likelihood 0.63
True label de classified as 0, likelihood 0.65
True label cn classified as 2, likelihood 0.39
True label fr classified as 0, likelihood 0.9
True label ru classified as 1, likelihood 0.76
=======================ite: 304
Distances:
[[ 0.       24.147293 67.82802  29.662975 54.751865]
 [24.147293  0.       51.086697 34.535324 38.775967]
 [67.82802  51.086697  0.       80.40397  36.96177 ]
 [29.662975 34.535324 80.40397   0.       61.697075]
 [54.751865 38.775967 36.96177  61.697075  0.      ]]
Prediction results 
(pred_axis, truth_axis) 
[[63 66  0 90 18]
 [22 27  8 10 76]
 [ 1  0 39  0  0]
 [13  6 19  0  1]
 [ 1  1 34  0  5]]
True label en classified as 0, likelihood 0.63
True label de classified as 0, likelihood 0.66
True label cn classified as 2, likelihood 0.39
True label fr classified as 0, likelihood 0.9
True label ru classified as 1, likelihood 0.76
=======================ite: 320
Distances:
[[ 0.       24.147339 67.82803  29.663004 54.75189 ]
 [24.147339  0.       51.086693 34.535336 38.775963]
 [67.82803  51.086693  0.       80.40397  36.96177 ]
 [29.663004 34.535336 80.40397   0.       61.69708 ]
 [54.75189  38.775963 36.96177  61.69708   0.      ]]
Prediction results 
(pred_axis, truth_axis) 
[[59 65  0 90 18]
 [25 27  6 10 76]
 [ 1  0 39  0  0]
 [14  7 19  0  1]
 [ 1  1 36  0  5]]
True label en classified as 0, likelihood 0.59
True label de classified as 0, likelihood 0.65
True label cn classified as 2, likelihood 0.39
True label fr classified as 0, likelihood 0.9
True label ru classified as 1, likelihood 0.76
=======================ite: 336
Distances:
[[ 0.       24.147385 67.82806  29.663034 54.75191 ]
 [24.147385  0.       51.08669  34.535347 38.775963]
 [67.82806  51.08669   0.       80.40398  36.96177 ]
 [29.663034 34.535347 80.40398   0.       61.697083]
 [54.75191  38.775963 36.96177  61.697083  0.      ]]
Prediction results 
(pred_axis, truth_axis) 
[[62 65  0 90 18]
 [23 27  7 10 76]
 [ 1  0 39  0  0]
 [13  7 19  0  1]
 [ 1  1 35  0  5]]
True label en classified as 0, likelihood 0.62
True label de classified as 0, likelihood 0.65
True label cn classified as 2, likelihood 0.39
True label fr classified as 0, likelihood 0.9
True label ru classified as 1, likelihood 0.76
=======================ite: 352
Distances:
[[ 0.       24.147436 67.82808  29.663067 54.751938]
 [24.147436  0.       51.08668  34.53536  38.775963]
 [67.82808  51.08668   0.       80.40398  36.961765]
 [29.663067 34.53536  80.40398   0.       61.697086]
 [54.751938 38.775963 36.961765 61.697086  0.      ]]
Prediction results 
(pred_axis, truth_axis) 
[[61 65  0 90 18]
 [24 27  7 10 77]
 [ 1  0 39  0  0]
 [13  7 19  0  0]
 [ 1  1 35  0  5]]
True label en classified as 0, likelihood 0.61
True label de classified as 0, likelihood 0.65
True label cn classified as 2, likelihood 0.39
True label fr classified as 0, likelihood 0.9
True label ru classified as 1, likelihood 0.77
=======================ite: 368
Distances:
[[ 0.       24.147482 67.828094 29.663097 54.751965]
 [24.147482  0.       51.086674 34.53537  38.775963]
 [67.828094 51.086674  0.       80.403984 36.961765]
 [29.663097 34.53537  80.403984  0.       61.69709 ]
 [54.751965 38.775963 36.961765 61.69709   0.      ]]
Prediction results 
(pred_axis, truth_axis) 
[[59 65  0 90 18]
 [25 27  6 10 76]
 [ 1  0 39  0  0]
 [14  7 19  0  1]
 [ 1  1 36  0  5]]
True label en classified as 0, likelihood 0.59
True label de classified as 0, likelihood 0.65
True label cn classified as 2, likelihood 0.39
True label fr classified as 0, likelihood 0.9
True label ru classified as 1, likelihood 0.76
=======================ite: 384
Distances:
[[ 0.       24.147533 67.82812  29.66313  54.75199 ]
 [24.147533  0.       51.08667  34.53538  38.77596 ]
 [67.82812  51.08667   0.       80.403984 36.961765]
 [29.66313  34.53538  80.403984  0.       61.697094]
 [54.75199  38.77596  36.961765 61.697094  0.      ]]
Prediction results 
(pred_axis, truth_axis) 
[[61 65  0 90 18]
 [24 27  7 10 77]
 [ 1  0 39  0  0]
 [13  7 19  0  0]
 [ 1  1 35  0  5]]
True label en classified as 0, likelihood 0.61
True label de classified as 0, likelihood 0.65
True label cn classified as 2, likelihood 0.39
True label fr classified as 0, likelihood 0.9
True label ru classified as 1, likelihood 0.77
=======================ite: 400
Distances:
[[ 0.       24.147587 67.82815  29.663164 54.75202 ]
 [24.147587  0.       51.086662 34.535393 38.775955]
 [67.82815  51.086662  0.       80.403984 36.961765]
 [29.663164 34.535393 80.403984  0.       61.697098]
 [54.75202  38.775955 36.961765 61.697098  0.      ]]
Prediction results 
(pred_axis, truth_axis) 
[[61 65  0 90 18]
 [24 27  7 10 77]
 [ 1  0 39  0  0]
 [13  7 19  0  0]
 [ 1  1 35  0  5]]
True label en classified as 0, likelihood 0.61
True label de classified as 0, likelihood 0.65
True label cn classified as 2, likelihood 0.39
True label fr classified as 0, likelihood 0.9
True label ru classified as 1, likelihood 0.77
=======================ite: 416
Distances:
[[ 0.       24.147638 67.82816  29.663197 54.752045]
 [24.147638  0.       51.08666  34.535404 38.775955]
 [67.82816  51.08666   0.       80.40399  36.96176 ]
 [29.663197 34.535404 80.40399   0.       61.6971  ]
 [54.752045 38.775955 36.96176  61.6971    0.      ]]
Prediction results 
(pred_axis, truth_axis) 
[[59 65  0 90 17]
 [25 27  5 10 77]
 [ 1  0 38  0  0]
 [14  7 19  0  1]
 [ 1  1 38  0  5]]
True label en classified as 0, likelihood 0.59
True label de classified as 0, likelihood 0.65
True label cn classified as 2, likelihood 0.38
True label fr classified as 0, likelihood 0.9
True label ru classified as 1, likelihood 0.77
=======================ite: 432
Distances:
[[ 0.       24.14769  67.828186 29.66323  54.752075]
 [24.14769   0.       51.08665  34.53542  38.775955]
 [67.828186 51.08665   0.       80.40399  36.96176 ]
 [29.66323  34.53542  80.40399   0.       61.697105]
 [54.752075 38.775955 36.96176  61.697105  0.      ]]
Prediction results 
(pred_axis, truth_axis) 
[[60 65  0 90 18]
 [24 27  7 10 77]
 [ 1  0 38  0  0]
 [14  7 19  0  0]
 [ 1  1 36  0  5]]
True label en classified as 0, likelihood 0.6
True label de classified as 0, likelihood 0.65
True label cn classified as 2, likelihood 0.38
True label fr classified as 0, likelihood 0.9
True label ru classified as 1, likelihood 0.77
=======================ite: 448
Distances:
[[ 0.       24.147747 67.82822  29.663269 54.7521  ]
 [24.147747  0.       51.086643 34.53543  38.77595 ]
 [67.82822  51.086643  0.       80.40399  36.96176 ]
 [29.663269 34.53543  80.40399   0.       61.69711 ]
 [54.7521   38.77595  36.96176  61.69711   0.      ]]
Prediction results 
(pred_axis, truth_axis) 
[[59 65  0 90 17]
 [25 27  6 10 78]
 [ 1  0 38  0  0]
 [14  7 19  0  0]
 [ 1  1 37  0  5]]
True label en classified as 0, likelihood 0.59
True label de classified as 0, likelihood 0.65
True label cn classified as 2, likelihood 0.38
True label fr classified as 0, likelihood 0.9
True label ru classified as 1, likelihood 0.78
=======================ite: 464
Distances:
[[ 0.       24.1478   67.82823  29.663301 54.75213 ]
 [24.1478    0.       51.08664  34.535442 38.77595 ]
 [67.82823  51.08664   0.       80.404    36.961758]
 [29.663301 34.535442 80.404     0.       61.69711 ]
 [54.75213  38.77595  36.961758 61.69711   0.      ]]
Prediction results 
(pred_axis, truth_axis) 
[[59 65  0 90 17]
 [25 27  4 10 78]
 [ 1  0 38  0  0]
 [14  7 19  0  0]
 [ 1  1 39  0  5]]
True label en classified as 0, likelihood 0.59
True label de classified as 0, likelihood 0.65
True label cn classified as 4, likelihood 0.39
True label fr classified as 0, likelihood 0.9
True label ru classified as 1, likelihood 0.78
=======================ite: 480
Distances:
[[ 0.       24.147856 67.828255 29.663338 54.75216 ]
 [24.147856  0.       51.08663  34.535454 38.775948]
 [67.828255 51.08663   0.       80.404    36.961758]
 [29.663338 34.535454 80.404     0.       61.697113]
 [54.75216  38.775948 36.961758 61.697113  0.      ]]
Prediction results 
(pred_axis, truth_axis) 
[[59 65  0 90 17]
 [25 27  6 10 78]
 [ 1  0 38  0  0]
 [14  7 19  0  0]
 [ 1  1 37  0  5]]
True label en classified as 0, likelihood 0.59
True label de classified as 0, likelihood 0.65
True label cn classified as 2, likelihood 0.38
True label fr classified as 0, likelihood 0.9
True label ru classified as 1, likelihood 0.78
=======================ite: 496
Distances:
[[ 0.       24.147917 67.828285 29.663378 54.75219 ]
 [24.147917  0.       51.086624 34.535465 38.775948]
 [67.828285 51.086624  0.       80.404    36.961754]
 [29.663378 34.535465 80.404     0.       61.697117]
 [54.75219  38.775948 36.961754 61.697117  0.      ]]
Prediction results 
(pred_axis, truth_axis) 
[[59 65  0 90 17]
 [25 27  4 10 78]
 [ 1  0 38  0  0]
 [14  7 19  0  0]
 [ 1  1 39  0  5]]
True label en classified as 0, likelihood 0.59
True label de classified as 0, likelihood 0.65
True label cn classified as 4, likelihood 0.39
True label fr classified as 0, likelihood 0.9
True label ru classified as 1, likelihood 0.78
=======================ite: 512
Distances:
[[ 0.       24.147972 67.82831  29.663414 54.75222 ]
 [24.147972  0.       51.08662  34.535477 38.775944]
 [67.82831  51.08662   0.       80.404    36.961754]
 [29.663414 34.535477 80.404     0.       61.69712 ]
 [54.75222  38.775944 36.961754 61.69712   0.      ]]
Prediction results 
(pred_axis, truth_axis) 
[[59 65  0 90 17]
 [25 27  4 10 78]
 [ 1  0 38  0  0]
 [14  7 19  0  0]
 [ 1  1 39  0  5]]
True label en classified as 0, likelihood 0.59
True label de classified as 0, likelihood 0.65
True label cn classified as 4, likelihood 0.39
True label fr classified as 0, likelihood 0.9
True label ru classified as 1, likelihood 0.78
=======================ite: 528
Distances:
[[ 0.       24.14803  67.82833  29.663452 54.75225 ]
 [24.14803   0.       51.086613 34.535492 38.77594 ]
 [67.82833  51.086613  0.       80.40401  36.961754]
 [29.663452 34.535492 80.40401   0.       61.697124]
 [54.75225  38.77594  36.961754 61.697124  0.      ]]
Prediction results 
(pred_axis, truth_axis) 
[[59 65  0 90 17]
 [25 27  5 10 78]
 [ 1  0 38  0  0]
 [14  7 19  0  0]
 [ 1  1 38  0  5]]
True label en classified as 0, likelihood 0.59
True label de classified as 0, likelihood 0.65
True label cn classified as 2, likelihood 0.38
True label fr classified as 0, likelihood 0.9
True label ru classified as 1, likelihood 0.78
=======================ite: 544
Distances:
[[ 0.       24.14809  67.828354 29.663492 54.75228 ]
 [24.14809   0.       51.086605 34.535503 38.775936]
 [67.828354 51.086605  0.       80.40401  36.96175 ]
 [29.663492 34.535503 80.40401   0.       61.697124]
 [54.75228  38.775936 36.96175  61.697124  0.      ]]
Prediction results 
(pred_axis, truth_axis) 
[[59 65  0 90 17]
 [25 27  4 10 78]
 [ 1  0 38  0  0]
 [14  7 19  0  0]
 [ 1  1 39  0  5]]
True label en classified as 0, likelihood 0.59
True label de classified as 0, likelihood 0.65
True label cn classified as 4, likelihood 0.39
True label fr classified as 0, likelihood 0.9
True label ru classified as 1, likelihood 0.78
=======================ite: 560
Distances:
[[ 0.       24.148148 67.82838  29.663528 54.75231 ]
 [24.148148  0.       51.086597 34.535515 38.775936]
 [67.82838  51.086597  0.       80.404015 36.96175 ]
 [29.663528 34.535515 80.404015  0.       61.697132]
 [54.75231  38.775936 36.96175  61.697132  0.      ]]
Prediction results 
(pred_axis, truth_axis) 
[[59 65  0 90 17]
 [25 27  4 10 77]
 [ 1  0 38  0  0]
 [14  7 19  0  0]
 [ 1  1 39  0  6]]
True label en classified as 0, likelihood 0.59
True label de classified as 0, likelihood 0.65
True label cn classified as 4, likelihood 0.39
True label fr classified as 0, likelihood 0.9
True label ru classified as 1, likelihood 0.77
=======================ite: 576
Distances:
[[ 0.       24.148205 67.8284   29.663567 54.752342]
 [24.148205  0.       51.08659  34.535526 38.775932]
 [67.8284   51.08659   0.       80.404015 36.96175 ]
 [29.663567 34.535526 80.404015  0.       61.697132]
 [54.752342 38.775932 36.96175  61.697132  0.      ]]
Prediction results 
(pred_axis, truth_axis) 
[[59 65  0 90 17]
 [25 27  5 10 77]
 [ 1  0 38  0  0]
 [14  7 19  0  0]
 [ 1  1 38  0  6]]
True label en classified as 0, likelihood 0.59
True label de classified as 0, likelihood 0.65
True label cn classified as 2, likelihood 0.38
True label fr classified as 0, likelihood 0.9
True label ru classified as 1, likelihood 0.77
=======================ite: 592
Distances:
[[ 0.       24.148268 67.82842  29.663609 54.752373]
 [24.148268  0.       51.086582 34.535538 38.77593 ]
 [67.82842  51.086582  0.       80.404015 36.961746]
 [29.663609 34.535538 80.404015  0.       61.697136]
 [54.752373 38.77593  36.961746 61.697136  0.      ]]
Prediction results 
(pred_axis, truth_axis) 
[[59 65  0 90 17]
 [25 27  4 10 77]
 [ 1  0 38  0  0]
 [14  7 19  0  0]
 [ 1  1 39  0  6]]
True label en classified as 0, likelihood 0.59
True label de classified as 0, likelihood 0.65
True label cn classified as 4, likelihood 0.39
True label fr classified as 0, likelihood 0.9
True label ru classified as 1, likelihood 0.77
=======================ite: 608
Distances:
[[ 0.       24.148327 67.82845  29.663647 54.752403]
 [24.148327  0.       51.086575 34.53555  38.77593 ]
 [67.82845  51.086575  0.       80.404015 36.961742]
 [29.663647 34.53555  80.404015  0.       61.69714 ]
 [54.752403 38.77593  36.961742 61.69714   0.      ]]
Prediction results 
(pred_axis, truth_axis) 
[[59 65  0 90 17]
 [25 27  4 10 77]
 [ 1  0 38  0  0]
 [14  7 19  0  0]
 [ 1  1 39  0  6]]
True label en classified as 0, likelihood 0.59
True label de classified as 0, likelihood 0.65
True label cn classified as 4, likelihood 0.39
True label fr classified as 0, likelihood 0.9
True label ru classified as 1, likelihood 0.77
=======================ite: 624
Distances:
[[ 0.       24.14839  67.828476 29.663689 54.752434]
 [24.14839   0.       51.086567 34.535564 38.775925]
 [67.828476 51.086567  0.       80.404015 36.961742]
 [29.663689 34.535564 80.404015  0.       61.69714 ]
 [54.752434 38.775925 36.961742 61.69714   0.      ]]
Prediction results 
(pred_axis, truth_axis) 
[[59 65  0 90 17]
 [25 27  5 10 77]
 [ 1  0 38  0  0]
 [14  7 19  0  0]
 [ 1  1 38  0  6]]
True label en classified as 0, likelihood 0.59
True label de classified as 0, likelihood 0.65
True label cn classified as 2, likelihood 0.38
True label fr classified as 0, likelihood 0.9
True label ru classified as 1, likelihood 0.77
=======================ite: 640
Distances:
[[ 0.       24.148455 67.8285   29.66373  54.75247 ]
 [24.148455  0.       51.08656  34.535576 38.77592 ]
 [67.8285   51.08656   0.       80.40402  36.96174 ]
 [29.66373  34.535576 80.40402   0.       61.697144]
 [54.75247  38.77592  36.96174  61.697144  0.      ]]
Prediction results 
(pred_axis, truth_axis) 
[[59 65  0 90 17]
 [25 27  4 10 77]
 [ 1  0 38  0  0]
 [14  7 19  0  0]
 [ 1  1 39  0  6]]
True label en classified as 0, likelihood 0.59
True label de classified as 0, likelihood 0.65
True label cn classified as 4, likelihood 0.39
True label fr classified as 0, likelihood 0.9
True label ru classified as 1, likelihood 0.77
=======================ite: 656
Distances:
[[ 0.       24.148514 67.82852  29.66377  54.7525  ]
 [24.148514  0.       51.08655  34.535587 38.77592 ]
 [67.82852  51.08655   0.       80.40402  36.96174 ]
 [29.66377  34.535587 80.40402   0.       61.697144]
 [54.7525   38.77592  36.96174  61.697144  0.      ]]
Prediction results 
(pred_axis, truth_axis) 
[[59 65  0 90 17]
 [25 27  4 10 77]
 [ 1  0 38  0  0]
 [14  7 19  0  0]
 [ 1  1 39  0  6]]
True label en classified as 0, likelihood 0.59
True label de classified as 0, likelihood 0.65
True label cn classified as 4, likelihood 0.39
True label fr classified as 0, likelihood 0.9
True label ru classified as 1, likelihood 0.77
=======================ite: 672
Distances:
[[ 0.       24.148579 67.828545 29.66381  54.75253 ]
 [24.148579  0.       51.08654  34.535603 38.775913]
 [67.828545 51.08654   0.       80.40402  36.961735]
 [29.66381  34.535603 80.40402   0.       61.697147]
 [54.75253  38.775913 36.961735 61.697147  0.      ]]
Prediction results 
(pred_axis, truth_axis) 
[[59 65  0 90 17]
 [25 27  5 10 77]
 [ 1  0 38  0  0]
 [14  7 19  0  0]
 [ 1  1 38  0  6]]
True label en classified as 0, likelihood 0.59
True label de classified as 0, likelihood 0.65
True label cn classified as 2, likelihood 0.38
True label fr classified as 0, likelihood 0.9
True label ru classified as 1, likelihood 0.77
=======================ite: 688
Distances:
[[ 0.       24.148643 67.828575 29.663857 54.752567]
 [24.148643  0.       51.086533 34.535614 38.77591 ]
 [67.828575 51.086533  0.       80.40402  36.96173 ]
 [29.663857 34.535614 80.40402   0.       61.697147]
 [54.752567 38.77591  36.96173  61.697147  0.      ]]
Prediction results 
(pred_axis, truth_axis) 
[[59 65  0 90 17]
 [25 27  4 10 77]
 [ 1  0 38  0  0]
 [14  7 19  0  0]
 [ 1  1 39  0  6]]
True label en classified as 0, likelihood 0.59
True label de classified as 0, likelihood 0.65
True label cn classified as 4, likelihood 0.39
True label fr classified as 0, likelihood 0.9
True label ru classified as 1, likelihood 0.77
=======================ite: 704
Distances:
[[ 0.       24.148705 67.8286   29.663897 54.752598]
 [24.148705  0.       51.086525 34.535625 38.77591 ]
 [67.8286   51.086525  0.       80.40403  36.96173 ]
 [29.663897 34.535625 80.40403   0.       61.69715 ]
 [54.752598 38.77591  36.96173  61.69715   0.      ]]
Prediction results 
(pred_axis, truth_axis) 
[[59 65  0 90 17]
 [25 27  4 10 77]
 [ 1  0 38  0  0]
 [14  7 19  0  0]
 [ 1  1 39  0  6]]
True label en classified as 0, likelihood 0.59
True label de classified as 0, likelihood 0.65
True label cn classified as 4, likelihood 0.39
True label fr classified as 0, likelihood 0.9
True label ru classified as 1, likelihood 0.77
=======================ite: 720
Distances:
[[ 0.       24.148767 67.82862  29.663939 54.75263 ]
 [24.148767  0.       51.086514 34.535637 38.7759  ]
 [67.82862  51.086514  0.       80.40403  36.961727]
 [29.663939 34.535637 80.40403   0.       61.69715 ]
 [54.75263  38.7759   36.961727 61.69715   0.      ]]
Prediction results 
(pred_axis, truth_axis) 
[[59 65  0 90 17]
 [25 27  6 10 77]
 [ 1  0 38  0  0]
 [14  7 19  0  0]
 [ 1  1 37  0  6]]
True label en classified as 0, likelihood 0.59
True label de classified as 0, likelihood 0.65
True label cn classified as 2, likelihood 0.38
True label fr classified as 0, likelihood 0.9
True label ru classified as 1, likelihood 0.77
=======================ite: 736
Distances:
[[ 0.       24.148834 67.82864  29.663982 54.752663]
 [24.148834  0.       51.086506 34.535652 38.7759  ]
 [67.82864  51.086506  0.       80.40403  36.961723]
 [29.663982 34.535652 80.40403   0.       61.697155]
 [54.752663 38.7759   36.961723 61.697155  0.      ]]
Prediction results 
(pred_axis, truth_axis) 
[[59 64  0 90 17]
 [25 28  4 10 77]
 [ 1  0 38  0  0]
 [14  7 19  0  0]
 [ 1  1 39  0  6]]
True label en classified as 0, likelihood 0.59
True label de classified as 0, likelihood 0.64
True label cn classified as 4, likelihood 0.39
True label fr classified as 0, likelihood 0.9
True label ru classified as 1, likelihood 0.77
=======================ite: 752
Distances:
[[ 0.       24.148895 67.82867  29.664024 54.752693]
 [24.148895  0.       51.086494 34.53566  38.775898]
 [67.82867  51.086494  0.       80.40403  36.96172 ]
 [29.664024 34.53566  80.40403   0.       61.697155]
 [54.752693 38.775898 36.96172  61.697155  0.      ]]
Prediction results 
(pred_axis, truth_axis) 
[[59 64  0 90 17]
 [25 28  4 10 77]
 [ 1  0 38  0  0]
 [14  7 19  0  0]
 [ 1  1 39  0  6]]
True label en classified as 0, likelihood 0.59
True label de classified as 0, likelihood 0.64
True label cn classified as 4, likelihood 0.39
True label fr classified as 0, likelihood 0.9
True label ru classified as 1, likelihood 0.77
=======================ite: 768
Distances:
[[ 0.       24.14896  67.82869  29.664066 54.752728]
 [24.14896   0.       51.086487 34.535675 38.775894]
 [67.82869  51.086487  0.       80.40403  36.96172 ]
 [29.664066 34.535675 80.40403   0.       61.697155]
 [54.752728 38.775894 36.96172  61.697155  0.      ]]
Prediction results 
(pred_axis, truth_axis) 
[[59 65  0 90 17]
 [25 27  6 10 77]
 [ 1  0 38  0  0]
 [14  7 19  0  0]
 [ 1  1 37  0  6]]
True label en classified as 0, likelihood 0.59
True label de classified as 0, likelihood 0.65
True label cn classified as 2, likelihood 0.38
True label fr classified as 0, likelihood 0.9
True label ru classified as 1, likelihood 0.77
=======================ite: 784
Distances:
[[ 0.       24.149025 67.82872  29.664112 54.75276 ]
 [24.149025  0.       51.086475 34.535686 38.775887]
 [67.82872  51.086475  0.       80.40403  36.961716]
 [29.664112 34.535686 80.40403   0.       61.69716 ]
 [54.75276  38.775887 36.961716 61.69716   0.      ]]
Prediction results 
(pred_axis, truth_axis) 
[[59 64  0 90 17]
 [25 28  4 10 77]
 [ 1  0 38  0  0]
 [14  7 19  0  0]
 [ 1  1 39  0  6]]
True label en classified as 0, likelihood 0.59
True label de classified as 0, likelihood 0.64
True label cn classified as 4, likelihood 0.39
True label fr classified as 0, likelihood 0.9
True label ru classified as 1, likelihood 0.77
=======================ite: 800
Distances:
[[ 0.       24.149088 67.828735 29.664152 54.752792]
 [24.149088  0.       51.08647  34.535698 38.775883]
 [67.828735 51.08647   0.       80.40403  36.96171 ]
 [29.664152 34.535698 80.40403   0.       61.69716 ]
 [54.752792 38.775883 36.96171  61.69716   0.      ]]
Prediction results 
(pred_axis, truth_axis) 
[[59 64  0 90 17]
 [25 28  4 10 77]
 [ 1  0 38  0  0]
 [14  7 19  0  0]
 [ 1  1 39  0  6]]
True label en classified as 0, likelihood 0.59
True label de classified as 0, likelihood 0.64
True label cn classified as 4, likelihood 0.39
True label fr classified as 0, likelihood 0.9
True label ru classified as 1, likelihood 0.77
=======================ite: 816
Distances:
[[ 0.       24.14915  67.82876  29.664196 54.752823]
 [24.14915   0.       51.08646  34.53571  38.77588 ]
 [67.82876  51.08646   0.       80.40403  36.961708]
 [29.664196 34.53571  80.40403   0.       61.69716 ]
 [54.752823 38.77588  36.961708 61.69716   0.      ]]
Prediction results 
(pred_axis, truth_axis) 
[[59 65  0 90 17]
 [25 27  5 10 77]
 [ 1  0 38  0  0]
 [14  7 19  0  0]
 [ 1  1 38  0  6]]
True label en classified as 0, likelihood 0.59
True label de classified as 0, likelihood 0.65
True label cn classified as 2, likelihood 0.38
True label fr classified as 0, likelihood 0.9
True label ru classified as 1, likelihood 0.77
=======================ite: 832
Distances:
[[ 0.       24.149218 67.82879  29.664242 54.752857]
 [24.149218  0.       51.08645  34.53572  38.775875]
 [67.82879  51.08645   0.       80.40403  36.961708]
 [29.664242 34.53572  80.40403   0.       61.697163]
 [54.752857 38.775875 36.961708 61.697163  0.      ]]
Prediction results 
(pred_axis, truth_axis) 
[[59 64  0 90 17]
 [25 28  4 10 77]
 [ 1  0 38  0  0]
 [14  7 19  0  0]
 [ 1  1 39  0  6]]
True label en classified as 0, likelihood 0.59
True label de classified as 0, likelihood 0.64
True label cn classified as 4, likelihood 0.39
True label fr classified as 0, likelihood 0.9
True label ru classified as 1, likelihood 0.77
=======================ite: 848
Distances:
[[ 0.       24.149279 67.828804 29.664282 54.752888]
 [24.149279  0.       51.086437 34.535732 38.77587 ]
 [67.828804 51.086437  0.       80.40403  36.961704]
 [29.664282 34.535732 80.40403   0.       61.697163]
 [54.752888 38.77587  36.961704 61.697163  0.      ]]
Prediction results 
(pred_axis, truth_axis) 
[[59 64  0 90 17]
 [25 28  4 10 77]
 [ 1  0 38  0  0]
 [14  7 19  0  0]
 [ 1  1 39  0  6]]
True label en classified as 0, likelihood 0.59
True label de classified as 0, likelihood 0.64
True label cn classified as 4, likelihood 0.39
True label fr classified as 0, likelihood 0.9
True label ru classified as 1, likelihood 0.77
=======================ite: 864
Distances:
[[ 0.       24.149342 67.82883  29.664326 54.75292 ]
 [24.149342  0.       51.08643  34.535744 38.775867]
 [67.82883  51.08643   0.       80.40403  36.9617  ]
 [29.664326 34.535744 80.40403   0.       61.697163]
 [54.75292  38.775867 36.9617   61.697163  0.      ]]
Prediction results 
(pred_axis, truth_axis) 
[[59 65  0 90 17]
 [25 27  5 10 77]
 [ 1  0 38  0  0]
 [14  7 19  0  0]
 [ 1  1 38  0  6]]
True label en classified as 0, likelihood 0.59
True label de classified as 0, likelihood 0.65
True label cn classified as 2, likelihood 0.38
True label fr classified as 0, likelihood 0.9
True label ru classified as 1, likelihood 0.77
=======================ite: 880
Distances:
[[ 0.       24.14941  67.82886  29.664371 54.752953]
 [24.14941   0.       51.08642  34.535755 38.775864]
 [67.82886  51.08642   0.       80.40403  36.961693]
 [29.664371 34.535755 80.40403   0.       61.697166]
 [54.752953 38.775864 36.961693 61.697166  0.      ]]
Prediction results 
(pred_axis, truth_axis) 
[[58 64  0 90 17]
 [26 28  4 10 77]
 [ 1  0 38  0  0]
 [14  7 19  0  0]
 [ 1  1 39  0  6]]
True label en classified as 0, likelihood 0.58
True label de classified as 0, likelihood 0.64
