Model: "model"
_________________________________________________________________
Layer (type)                 Output Shape              Param #   
=================================================================
input_1 (InputLayer)         [(None, 400, 40, 1)]      0         
_________________________________________________________________
flatten (Flatten)            (None, 16000)             0         
_________________________________________________________________
dropout (Dropout)            (None, 16000)             0         
_________________________________________________________________
dense (Dense)                (None, 2000)              32002000  
_________________________________________________________________
dense_1 (Dense)              (None, 500)               1000500   
_________________________________________________________________
dense_2 (Dense)              (None, 500)               250500    
_________________________________________________________________
dense_3 (Dense)              (None, 100)               50100     
_________________________________________________________________
embeddings (Dense)           (None, 50)                5050      
_________________________________________________________________
flattened_encoder_output (Fl (None, 50)                0         
_________________________________________________________________
clustering (DECLayer)        (None, 5)                 250       
=================================================================
Total params: 33,308,400
Trainable params: 33,308,400
Non-trainable params: 0
_________________________________________________________________
Distances:
[[  0.       236.30919  118.120705 195.06447  169.93356 ]
 [236.30919    0.       244.71358  188.69353  324.77402 ]
 [118.120705 244.71358    0.       192.4549   193.99507 ]
 [195.06447  188.69353  192.4549     0.       246.51607 ]
 [169.93356  324.77402  193.99507  246.51607    0.      ]]
=======================ite: 0
Distances:
[[  0.      236.30919 118.12071 195.06447 169.93358]
 [236.30919   0.      244.71358 188.69353 324.77402]
 [118.12071 244.71358   0.      192.4549  193.99507]
 [195.06447 188.69353 192.4549    0.      246.51607]
 [169.93358 324.77402 193.99507 246.51607   0.     ]]
Prediction results 
(pred_axis, truth_axis) 
[[64 81  2 90 34]
 [ 1  0 38  0  1]
 [22  8  1 10 61]
 [ 1  5 41  0  4]
 [12  6 18  0  0]]
True label en classified as 0, likelihood 0.64
True label de classified as 0, likelihood 0.81
True label cn classified as 3, likelihood 0.41
True label fr classified as 0, likelihood 0.9
True label ru classified as 2, likelihood 0.61
=======================ite: 16
Distances:
[[  0.      236.3092  118.12077 195.0645  169.9336 ]
 [236.3092    0.      244.7136  188.69353 324.77402]
 [118.12077 244.7136    0.      192.45491 193.99509]
 [195.0645  188.69353 192.45491   0.      246.51608]
 [169.9336  324.77402 193.99509 246.51608   0.     ]]
Prediction results 
(pred_axis, truth_axis) 
[[56 72  0 90 33]
 [ 1  0 37  0  0]
 [18  4  0 10 55]
 [ 1  4 42  0  5]
 [24 20 21  0  7]]
True label en classified as 0, likelihood 0.56
True label de classified as 0, likelihood 0.72
True label cn classified as 3, likelihood 0.42
True label fr classified as 0, likelihood 0.9
True label ru classified as 2, likelihood 0.55
=======================ite: 32
Distances:
[[  0.      236.3092  118.12083 195.06451 169.93361]
 [236.3092    0.      244.7136  188.69353 324.77402]
 [118.12083 244.7136    0.      192.45494 193.99509]
 [195.06451 188.69353 192.45494   0.      246.51608]
 [169.93361 324.77402 193.99509 246.51608   0.     ]]
Prediction results 
(pred_axis, truth_axis) 
[[63 83  1 90 39]
 [ 1  0 42  0  1]
 [20  4  1 10 57]
 [ 0  4 35  0  2]
 [16  9 21  0  1]]
True label en classified as 0, likelihood 0.63
True label de classified as 0, likelihood 0.83
True label cn classified as 1, likelihood 0.42
True label fr classified as 0, likelihood 0.9
True label ru classified as 2, likelihood 0.57
=======================ite: 48
Distances:
[[  0.      236.30923 118.12088 195.06454 169.9336 ]
 [236.30923   0.      244.71362 188.69353 324.77405]
 [118.12088 244.71362   0.      192.45496 193.9951 ]
 [195.06454 188.69353 192.45496   0.      246.51608]
 [169.9336  324.77405 193.9951  246.51608   0.     ]]
Prediction results 
(pred_axis, truth_axis) 
[[62 81  1 90 33]
 [ 1  2 49  0  2]
 [23  9  2 10 62]
 [ 1  3 30  0  3]
 [13  5 18  0  0]]
True label en classified as 0, likelihood 0.62
True label de classified as 0, likelihood 0.81
True label cn classified as 1, likelihood 0.49
True label fr classified as 0, likelihood 0.9
True label ru classified as 2, likelihood 0.62
=======================ite: 64
Distances:
[[  0.      236.30925 118.12093 195.06456 169.93358]
 [236.30925   0.      244.71362 188.69353 324.77405]
 [118.12093 244.71362   0.      192.45497 193.9951 ]
 [195.06456 188.69353 192.45497   0.      246.51608]
 [169.93358 324.77405 193.9951  246.51608   0.     ]]
Prediction results 
(pred_axis, truth_axis) 
[[52 63  0 90 29]
 [ 1  0 41  0  0]
 [19  5  1 10 55]
 [ 1  4 35  0  6]
 [27 28 23  0 10]]
True label en classified as 0, likelihood 0.52
True label de classified as 0, likelihood 0.63
True label cn classified as 1, likelihood 0.41
True label fr classified as 0, likelihood 0.9
True label ru classified as 2, likelihood 0.55
=======================ite: 80
Distances:
[[  0.      236.30927 118.12099 195.06458 169.93356]
 [236.30927   0.      244.71364 188.69353 324.77405]
 [118.12099 244.71364   0.      192.45499 193.99513]
 [195.06458 188.69353 192.45499   0.      246.51608]
 [169.93356 324.77405 193.99513 246.51608   0.     ]]
Prediction results 
(pred_axis, truth_axis) 
[[65 82  2 90 37]
 [ 1  1 49  0  2]
 [19  4  2 10 59]
 [ 0  2 28  0  2]
 [15 11 19  0  0]]
True label en classified as 0, likelihood 0.65
True label de classified as 0, likelihood 0.82
True label cn classified as 1, likelihood 0.49
True label fr classified as 0, likelihood 0.9
True label ru classified as 2, likelihood 0.59
=======================ite: 96
Distances:
[[  0.      236.3093  118.12104 195.06459 169.93352]
 [236.3093    0.      244.71365 188.69353 324.77405]
 [118.12104 244.71365   0.      192.455   193.99513]
 [195.06459 188.69353 192.455     0.      246.51608]
 [169.93352 324.77405 193.99513 246.51608   0.     ]]
Prediction results 
(pred_axis, truth_axis) 
[[59 76  1 90 33]
 [ 1  2 54  0  2]
 [24  8  2 10 63]
 [ 0  3 24  0  2]
 [16 11 19  0  0]]
True label en classified as 0, likelihood 0.59
True label de classified as 0, likelihood 0.76
True label cn classified as 1, likelihood 0.54
True label fr classified as 0, likelihood 0.9
True label ru classified as 2, likelihood 0.63
=======================ite: 112
Distances:
[[  0.       236.3093   118.121086 195.06459  169.93349 ]
 [236.3093     0.       244.71365  188.69353  324.77405 ]
 [118.121086 244.71365    0.       192.45502  193.99515 ]
 [195.06459  188.69353  192.45502    0.       246.51608 ]
 [169.93349  324.77405  193.99515  246.51608    0.      ]]
Prediction results 
(pred_axis, truth_axis) 
[[43 52  0 90 27]
 [ 1  0 42  0  0]
 [19  5  1 10 58]
 [ 1  3 33  0  3]
 [36 40 24  0 12]]
True label en classified as 0, likelihood 0.43
True label de classified as 0, likelihood 0.52
True label cn classified as 1, likelihood 0.42
True label fr classified as 0, likelihood 0.9
True label ru classified as 2, likelihood 0.58
=======================ite: 128
Distances:
[[  0.      236.30931 118.12114 195.0646  169.93344]
 [236.30931   0.      244.71367 188.69351 324.77405]
 [118.12114 244.71367   0.      192.45503 193.99516]
 [195.0646  188.69351 192.45503   0.      246.51608]
 [169.93344 324.77405 193.99516 246.51608   0.     ]]
Prediction results 
(pred_axis, truth_axis) 
[[62 78  1 90 37]
 [ 1  0 52  0  2]
 [19  3  2 10 58]
 [ 0  4 26  0  2]
 [18 15 19  0  1]]
True label en classified as 0, likelihood 0.62
True label de classified as 0, likelihood 0.78
True label cn classified as 1, likelihood 0.52
True label fr classified as 0, likelihood 0.9
True label ru classified as 2, likelihood 0.58
=======================ite: 144
Distances:
[[  0.       236.30934  118.121185 195.0646   169.93341 ]
 [236.30934    0.       244.71368  188.69351  324.77405 ]
 [118.121185 244.71368    0.       192.45503  193.99516 ]
 [195.0646   188.69351  192.45503    0.       246.51607 ]
 [169.93341  324.77405  193.99516  246.51607    0.      ]]
Prediction results 
(pred_axis, truth_axis) 
[[57 71  0 90 31]
 [ 1  1 55  0  2]
 [24  8  3 10 64]
 [ 0  2 20  0  2]
 [18 18 22  0  1]]
True label en classified as 0, likelihood 0.57
True label de classified as 0, likelihood 0.71
True label cn classified as 1, likelihood 0.55
True label fr classified as 0, likelihood 0.9
True label ru classified as 2, likelihood 0.64
=======================ite: 160
Distances:
[[  0.      236.30934 118.12123 195.06462 169.93336]
 [236.30934   0.      244.71368 188.69351 324.77405]
 [118.12123 244.71368   0.      192.45505 193.99516]
 [195.06462 188.69351 192.45505   0.      246.51607]
 [169.93336 324.77405 193.99516 246.51607   0.     ]]
Prediction results 
(pred_axis, truth_axis) 
[[38 46  0 88 27]
 [ 1  0 43  0  0]
 [14  3  1 10 56]
 [ 1  2 32  0  2]
 [46 49 24  2 15]]
True label en classified as 4, likelihood 0.46
True label de classified as 4, likelihood 0.49
True label cn classified as 1, likelihood 0.43
True label fr classified as 0, likelihood 0.88
True label ru classified as 2, likelihood 0.56
=======================ite: 176
Distances:
[[  0.       236.30936  118.121284 195.06462  169.93332 ]
 [236.30936    0.       244.7137   188.69351  324.77408 ]
 [118.121284 244.7137     0.       192.45505  193.99518 ]
 [195.06462  188.69351  192.45505    0.       246.51607 ]
 [169.93332  324.77408  193.99518  246.51607    0.      ]]
Prediction results 
(pred_axis, truth_axis) 
[[61 77  1 90 38]
 [ 1  0 54  0  2]
 [20  3  2 10 57]
 [ 0  3 23  0  2]
 [18 17 20  0  1]]
True label en classified as 0, likelihood 0.61
True label de classified as 0, likelihood 0.77
True label cn classified as 1, likelihood 0.54
True label fr classified as 0, likelihood 0.9
True label ru classified as 2, likelihood 0.57
=======================ite: 192
Distances:
[[  0.      236.30937 118.12133 195.06462 169.93327]
 [236.30937   0.      244.7137  188.6935  324.77408]
 [118.12133 244.7137    0.      192.45506 193.9952 ]
 [195.06462 188.6935  192.45506   0.      246.51605]
 [169.93327 324.77408 193.9952  246.51605   0.     ]]
Prediction results 
(pred_axis, truth_axis) 
[[51 67  0 90 27]
 [ 1  1 53  0  2]
 [24  8  4 10 64]
 [ 0  2 20  0  2]
 [24 22 23  0  5]]
True label en classified as 0, likelihood 0.51
True label de classified as 0, likelihood 0.67
True label cn classified as 1, likelihood 0.53
True label fr classified as 0, likelihood 0.9
True label ru classified as 2, likelihood 0.64
=======================ite: 208
Distances:
[[  0.       236.30937  118.121376 195.06464  169.93323 ]
 [236.30937    0.       244.7137   188.6935   324.77408 ]
 [118.121376 244.7137     0.       192.45506  193.9952  ]
 [195.06464  188.6935   192.45506    0.       246.51605 ]
 [169.93323  324.77408  193.9952   246.51605    0.      ]]
Prediction results 
(pred_axis, truth_axis) 
[[35 41  0 88 26]
 [ 1  0 46  0  0]
 [16  5  2 10 57]
 [ 0  2 28  0  2]
 [48 52 24  2 15]]
True label en classified as 4, likelihood 0.48
True label de classified as 4, likelihood 0.52
True label cn classified as 1, likelihood 0.46
True label fr classified as 0, likelihood 0.88
True label ru classified as 2, likelihood 0.57
=======================ite: 224
Distances:
[[  0.      236.30939 118.12142 195.06462 169.93318]
 [236.30939   0.      244.71371 188.6935  324.77408]
 [118.12142 244.71371   0.      192.45506 193.99521]
 [195.06462 188.6935  192.45506   0.      246.51604]
 [169.93318 324.77408 193.99521 246.51604   0.     ]]
Prediction results 
(pred_axis, truth_axis) 
[[60 73  0 90 35]
 [ 1  0 53  0  2]
 [20  2  4 10 57]
 [ 0  3 21  0  2]
 [19 22 22  0  4]]
True label en classified as 0, likelihood 0.6
True label de classified as 0, likelihood 0.73
True label cn classified as 1, likelihood 0.53
True label fr classified as 0, likelihood 0.9
True label ru classified as 2, likelihood 0.57
=======================ite: 240
Distances:
[[  0.       236.3094   118.121475 195.06464  169.93314 ]
 [236.3094     0.       244.71371  188.6935   324.77408 ]
 [118.121475 244.71371    0.       192.45506  193.99522 ]
 [195.06464  188.6935   192.45506    0.       246.51604 ]
 [169.93314  324.77408  193.99522  246.51604    0.      ]]
Prediction results 
(pred_axis, truth_axis) 
[[49 63  0 90 25]
 [ 1  0 53  0  1]
 [24 10  4 10 66]
 [ 0  2 20  0  2]
 [26 25 23  0  6]]
True label en classified as 0, likelihood 0.49
True label de classified as 0, likelihood 0.63
True label cn classified as 1, likelihood 0.53
True label fr classified as 0, likelihood 0.9
True label ru classified as 2, likelihood 0.66
=======================ite: 256
Distances:
[[  0.      236.30942 118.12152 195.06464 169.93309]
 [236.30942   0.      244.71371 188.6935  324.77408]
 [118.12152 244.71371   0.      192.45506 193.99525]
 [195.06464 188.6935  192.45506   0.      246.51604]
 [169.93309 324.77408 193.99525 246.51604   0.     ]]
Prediction results 
(pred_axis, truth_axis) 
[[33 38  0 86 23]
 [ 1  0 46  0  0]
 [16  5  3 10 59]
 [ 0  2 27  0  2]
 [50 55 24  4 16]]
True label en classified as 4, likelihood 0.5
True label de classified as 4, likelihood 0.55
True label cn classified as 1, likelihood 0.46
True label fr classified as 0, likelihood 0.86
True label ru classified as 2, likelihood 0.59
=======================ite: 272
Distances:
[[  0.       236.30942  118.121574 195.06464  169.93304 ]
 [236.30942    0.       244.71371  188.69348  324.7741  ]
 [118.121574 244.71371    0.       192.45506  193.99525 ]
 [195.06464  188.69348  192.45506    0.       246.51602 ]
 [169.93304  324.7741   193.99525  246.51602    0.      ]]
Prediction results 
(pred_axis, truth_axis) 
[[59 72  0 90 34]
 [ 1  1 55  0  1]
 [20  3  4 10 60]
 [ 0  2 19  0  2]
 [20 22 22  0  3]]
True label en classified as 0, likelihood 0.59
True label de classified as 0, likelihood 0.72
True label cn classified as 1, likelihood 0.55
True label fr classified as 0, likelihood 0.9
True label ru classified as 2, likelihood 0.6
=======================ite: 288
Distances:
[[  0.      236.30943 118.12163 195.06464 169.93301]
 [236.30943   0.      244.71373 188.69348 324.7741 ]
 [118.12163 244.71373   0.      192.45506 193.99529]
 [195.06464 188.69348 192.45506   0.      246.51602]
 [169.93301 324.7741  193.99529 246.51602   0.     ]]
Prediction results 
(pred_axis, truth_axis) 
[[46 56  0 90 23]
 [ 1  0 55  0  1]
 [24 12  4 10 69]
 [ 0  2 18  0  1]
 [29 30 23  0  6]]
True label en classified as 0, likelihood 0.46
True label de classified as 0, likelihood 0.56
True label cn classified as 1, likelihood 0.55
True label fr classified as 0, likelihood 0.9
True label ru classified as 2, likelihood 0.69
=======================ite: 304
Distances:
[[  0.      236.30945 118.12167 195.06464 169.93297]
 [236.30945   0.      244.71373 188.69347 324.7741 ]
 [118.12167 244.71373   0.      192.45506 193.9953 ]
 [195.06464 188.69347 192.45506   0.      246.51602]
 [169.93297 324.7741  193.9953  246.51602   0.     ]]
Prediction results 
(pred_axis, truth_axis) 
[[31 38  0 85 23]
 [ 1  0 48  0  0]
 [18  5  3 10 59]
 [ 0  2 25  0  2]
 [50 55 24  5 16]]
True label en classified as 4, likelihood 0.5
True label de classified as 4, likelihood 0.55
True label cn classified as 1, likelihood 0.48
True label fr classified as 0, likelihood 0.85
True label ru classified as 2, likelihood 0.59
=======================ite: 320
Distances:
[[  0.      236.30946 118.12172 195.06464 169.93294]
 [236.30946   0.      244.71373 188.69347 324.77414]
 [118.12172 244.71373   0.      192.45506 193.99532]
 [195.06464 188.69347 192.45506   0.      246.51602]
 [169.93294 324.77414 193.99532 246.51602   0.     ]]
Prediction results 
(pred_axis, truth_axis) 
[[53 69  0 90 31]
 [ 1  1 55  0  1]
 [20  4  4 10 60]
 [ 0  2 19  0  2]
 [26 24 22  0  6]]
True label en classified as 0, likelihood 0.53
True label de classified as 0, likelihood 0.69
True label cn classified as 1, likelihood 0.55
True label fr classified as 0, likelihood 0.9
True label ru classified as 2, likelihood 0.6
=======================ite: 336
Distances:
[[  0.       236.30946  118.121765 195.06464  169.93289 ]
 [236.30946    0.       244.71373  188.69347  324.77414 ]
 [118.121765 244.71373    0.       192.45506  193.99535 ]
 [195.06464  188.69347  192.45506    0.       246.51602 ]
 [169.93289  324.77414  193.99535  246.51602    0.      ]]
Prediction results 
(pred_axis, truth_axis) 
[[44 54  0 90 23]
 [ 1  0 56  0  1]
 [24 13  4 10 69]
 [ 0  2 17  0  1]
 [31 31 23  0  6]]
True label en classified as 0, likelihood 0.44
True label de classified as 0, likelihood 0.54
True label cn classified as 1, likelihood 0.56
True label fr classified as 0, likelihood 0.9
True label ru classified as 2, likelihood 0.69
=======================ite: 352
Distances:
[[  0.      236.30948 118.12181 195.06464 169.93286]
 [236.30948   0.      244.71373 188.69345 324.77414]
 [118.12181 244.71373   0.      192.45506 193.99536]
 [195.06464 188.69345 192.45506   0.      246.516  ]
 [169.93286 324.77414 193.99536 246.516     0.     ]]
Prediction results 
(pred_axis, truth_axis) 
[[28 35  0 85 23]
 [ 1  0 49  0  0]
 [18  5  3 10 59]
 [ 0  2 24  0  2]
 [53 58 24  5 16]]
True label en classified as 4, likelihood 0.53
True label de classified as 4, likelihood 0.58
True label cn classified as 1, likelihood 0.49
True label fr classified as 0, likelihood 0.85
True label ru classified as 2, likelihood 0.59
=======================ite: 368
Distances:
[[  0.      236.3095  118.12186 195.06464 169.93283]
 [236.3095    0.      244.71373 188.69345 324.77414]
 [118.12186 244.71373   0.      192.45506 193.99538]
 [195.06464 188.69345 192.45506   0.      246.516  ]
 [169.93283 324.77414 193.99538 246.516     0.     ]]
Prediction results 
(pred_axis, truth_axis) 
[[53 64  0 90 32]
 [ 1  0 56  0  1]
 [20  6  4 10 61]
 [ 0  2 18  0  1]
 [26 28 22  0  5]]
True label en classified as 0, likelihood 0.53
True label de classified as 0, likelihood 0.64
True label cn classified as 1, likelihood 0.56
True label fr classified as 0, likelihood 0.9
True label ru classified as 2, likelihood 0.61
=======================ite: 384
Distances:
[[  0.      236.30951 118.1219  195.06465 169.9328 ]
 [236.30951   0.      244.71375 188.69344 324.77414]
 [118.1219  244.71375   0.      192.45506 193.99539]
 [195.06465 188.69344 192.45506   0.      246.516  ]
 [169.9328  324.77414 193.99539 246.516     0.     ]]
Prediction results 
(pred_axis, truth_axis) 
[[43 52  0 89 23]
 [ 1  0 56  0  1]
 [24 12  4 10 69]
 [ 0  2 17  0  1]
 [32 34 23  1  6]]
True label en classified as 0, likelihood 0.43
True label de classified as 0, likelihood 0.52
True label cn classified as 1, likelihood 0.56
True label fr classified as 0, likelihood 0.89
True label ru classified as 2, likelihood 0.69
=======================ite: 400
Distances:
[[  0.      236.30951 118.12195 195.06465 169.93277]
 [236.30951   0.      244.71375 188.69344 324.77417]
 [118.12195 244.71375   0.      192.45505 193.99542]
 [195.06465 188.69344 192.45505   0.      246.516  ]
 [169.93277 324.77417 193.99542 246.516     0.     ]]
Prediction results 
(pred_axis, truth_axis) 
[[25 31  0 85 22]
 [ 1  0 49  0  0]
 [18  5  3 10 59]
 [ 0  2 24  0  2]
 [56 62 24  5 17]]
True label en classified as 4, likelihood 0.56
True label de classified as 4, likelihood 0.62
True label cn classified as 1, likelihood 0.49
True label fr classified as 0, likelihood 0.85
True label ru classified as 2, likelihood 0.59
=======================ite: 416
Distances:
[[  0.       236.30952  118.121994 195.06465  169.93274 ]
 [236.30952    0.       244.71375  188.69342  324.77417 ]
 [118.121994 244.71375    0.       192.45505  193.99544 ]
 [195.06465  188.69342  192.45505    0.       246.516   ]
 [169.93274  324.77417  193.99544  246.516      0.      ]]
Prediction results 
(pred_axis, truth_axis) 
[[52 63  0 90 28]
 [ 1  0 56  0  1]
 [20  6  4 10 65]
 [ 0  2 18  0  1]
 [27 29 22  0  5]]
True label en classified as 0, likelihood 0.52
True label de classified as 0, likelihood 0.63
True label cn classified as 1, likelihood 0.56
True label fr classified as 0, likelihood 0.9
True label ru classified as 2, likelihood 0.65
=======================ite: 432
Distances:
[[  0.      236.30954 118.12204 195.06467 169.93271]
 [236.30954   0.      244.71376 188.69342 324.77417]
 [118.12204 244.71376   0.      192.45505 193.99545]
 [195.06467 188.69342 192.45505   0.      246.51599]
 [169.93271 324.77417 193.99545 246.51599   0.     ]]
Prediction results 
(pred_axis, truth_axis) 
[[44 50  0 89 23]
 [ 1  0 56  0  1]
 [24 13  4 10 70]
 [ 0  2 17  0  1]
 [31 35 23  1  5]]
True label en classified as 0, likelihood 0.44
True label de classified as 0, likelihood 0.5
True label cn classified as 1, likelihood 0.56
True label fr classified as 0, likelihood 0.89
True label ru classified as 2, likelihood 0.7
=======================ite: 448
Distances:
[[  0.      236.30956 118.12208 195.06467 169.93268]
 [236.30956   0.      244.71376 188.6934  324.7742 ]
 [118.12208 244.71376   0.      192.45505 193.99548]
 [195.06467 188.6934  192.45505   0.      246.51599]
 [169.93268 324.7742  193.99548 246.51599   0.     ]]
Prediction results 
(pred_axis, truth_axis) 
[[27 31  0 85 23]
 [ 1  0 49  0  0]
 [21 10  3 10 64]
 [ 0  1 24  0  1]
 [51 58 24  5 12]]
True label en classified as 4, likelihood 0.51
True label de classified as 4, likelihood 0.58
True label cn classified as 1, likelihood 0.49
True label fr classified as 0, likelihood 0.85
True label ru classified as 2, likelihood 0.64
=======================ite: 464
Distances:
[[  0.       236.30956  118.122116 195.06467  169.93265 ]
 [236.30956    0.       244.71376  188.6934   324.7742  ]
 [118.122116 244.71376    0.       192.45503  193.9955  ]
 [195.06467  188.6934   192.45503    0.       246.51599 ]
 [169.93265  324.7742   193.9955   246.51599    0.      ]]
Prediction results 
(pred_axis, truth_axis) 
[[50 64  0 90 26]
 [ 1  0 56  0  1]
 [21  6  4 10 67]
 [ 0  2 18  0  1]
 [28 28 22  0  5]]
True label en classified as 0, likelihood 0.5
True label de classified as 0, likelihood 0.64
True label cn classified as 1, likelihood 0.56
True label fr classified as 0, likelihood 0.9
True label ru classified as 2, likelihood 0.67
=======================ite: 480
Distances:
[[  0.      236.30957 118.12216 195.06467 169.93263]
 [236.30957   0.      244.71378 188.69339 324.7742 ]
 [118.12216 244.71378   0.      192.45503 193.99551]
 [195.06467 188.69339 192.45503   0.      246.51599]
 [169.93263 324.7742  193.99551 246.51599   0.     ]]
Prediction results 
(pred_axis, truth_axis) 
[[43 50  0 89 22]
 [ 1  0 56  0  1]
 [24 13  4 10 71]
 [ 0  3 17  0  1]
 [32 34 23  1  5]]
True label en classified as 0, likelihood 0.43
True label de classified as 0, likelihood 0.5
True label cn classified as 1, likelihood 0.56
True label fr classified as 0, likelihood 0.89
True label ru classified as 2, likelihood 0.71
=======================ite: 496
Distances:
[[  0.      236.30959 118.1222  195.06467 169.9326 ]
 [236.30959   0.      244.71378 188.69337 324.7742 ]
 [118.1222  244.71378   0.      192.45503 193.99553]
 [195.06467 188.69337 192.45503   0.      246.51599]
 [169.9326  324.7742  193.99553 246.51599   0.     ]]
Prediction results 
(pred_axis, truth_axis) 
[[23 30  0 85 20]
 [ 1  0 49  0  0]
 [22 10  3 10 67]
 [ 0  1 24  0  1]
 [54 59 24  5 12]]
True label en classified as 4, likelihood 0.54
True label de classified as 4, likelihood 0.59
True label cn classified as 1, likelihood 0.49
True label fr classified as 0, likelihood 0.85
True label ru classified as 2, likelihood 0.67
=======================ite: 512
Distances:
[[  0.       236.3096   118.122246 195.06467  169.93257 ]
 [236.3096     0.       244.71378  188.69337  324.7742  ]
 [118.122246 244.71378    0.       192.45503  193.99554 ]
 [195.06467  188.69337  192.45503    0.       246.51599 ]
 [169.93257  324.7742   193.99554  246.51599    0.      ]]
Prediction results 
(pred_axis, truth_axis) 
[[50 63  1 90 27]
 [ 1  1 56  0  1]
 [21  6  4 10 68]
 [ 0  2 20  0  1]
 [28 28 19  0  3]]
True label en classified as 0, likelihood 0.5
True label de classified as 0, likelihood 0.63
True label cn classified as 1, likelihood 0.56
True label fr classified as 0, likelihood 0.9
True label ru classified as 2, likelihood 0.68
=======================ite: 528
Distances:
[[  0.      236.30962 118.12228 195.06468 169.93256]
 [236.30962   0.      244.71379 188.69337 324.7742 ]
 [118.12228 244.71379   0.      192.45503 193.99557]
 [195.06468 188.69337 192.45503   0.      246.51598]
 [169.93256 324.7742  193.99557 246.51598   0.     ]]
Prediction results 
(pred_axis, truth_axis) 
[[37 45  0 89 22]
 [ 1  0 56  0  1]
 [25 15  4 10 71]
 [ 0  3 17  0  1]
 [37 37 23  1  5]]
True label en classified as 0, likelihood 0.37
True label de classified as 0, likelihood 0.45
True label cn classified as 1, likelihood 0.56
True label fr classified as 0, likelihood 0.89
True label ru classified as 2, likelihood 0.71
=======================ite: 544
Distances:
[[  0.      236.30963 118.12232 195.06468 169.93253]
 [236.30963   0.      244.71379 188.69336 324.77423]
 [118.12232 244.71379   0.      192.45503 193.99559]
 [195.06468 188.69336 192.45503   0.      246.51598]
 [169.93253 324.77423 193.99559 246.51598   0.     ]]
Prediction results 
(pred_axis, truth_axis) 
[[22 28  0 85 19]
 [ 1  0 48  0  0]
 [24 11  5 10 70]
 [ 0  1 24  0  1]
 [53 60 23  5 10]]
True label en classified as 4, likelihood 0.53
True label de classified as 4, likelihood 0.6
True label cn classified as 1, likelihood 0.48
True label fr classified as 0, likelihood 0.85
True label ru classified as 2, likelihood 0.7
=======================ite: 560
Distances:
[[  0.      236.30963 118.12235 195.06468 169.9325 ]
 [236.30963   0.      244.71379 188.69334 324.77423]
 [118.12235 244.71379   0.      192.45502 193.9956 ]
 [195.06468 188.69334 192.45502   0.      246.51598]
 [169.9325  324.77423 193.9956  246.51598   0.     ]]
Prediction results 
(pred_axis, truth_axis) 
[[49 60  1 89 25]
 [ 1  0 56  0  1]
 [21  6  4 10 67]
 [ 0  3 20  0  2]
 [29 31 19  1  5]]
True label en classified as 0, likelihood 0.49
True label de classified as 0, likelihood 0.6
True label cn classified as 1, likelihood 0.56
True label fr classified as 0, likelihood 0.89
True label ru classified as 2, likelihood 0.67
=======================ite: 576
Distances:
[[  0.      236.30965 118.1224  195.06468 169.93248]
 [236.30965   0.      244.7138  188.69334 324.77423]
 [118.1224  244.7138    0.      192.45502 193.99562]
 [195.06468 188.69334 192.45502   0.      246.51598]
 [169.93248 324.77423 193.99562 246.51598   0.     ]]
Prediction results 
(pred_axis, truth_axis) 
[[31 44  0 88 23]
 [ 1  0 56  0  1]
 [24 13  4 10 70]
 [ 0  3 18  0  1]
 [44 40 22  2  5]]
True label en classified as 4, likelihood 0.44
True label de classified as 0, likelihood 0.44
True label cn classified as 1, likelihood 0.56
True label fr classified as 0, likelihood 0.88
True label ru classified as 2, likelihood 0.7
=======================ite: 592
Distances:
[[  0.      236.30966 118.12244 195.06468 169.93245]
 [236.30966   0.      244.7138  188.69333 324.77423]
 [118.12244 244.7138    0.      192.455   193.99564]
 [195.06468 188.69333 192.455     0.      246.51598]
 [169.93245 324.77423 193.99564 246.51598   0.     ]]
Prediction results 
(pred_axis, truth_axis) 
[[20 24  0 84 19]
 [ 1  0 48  0  0]
 [24 12  5 10 72]
 [ 0  1 24  0  1]
 [55 63 23  6  8]]
True label en classified as 4, likelihood 0.55
True label de classified as 4, likelihood 0.63
True label cn classified as 1, likelihood 0.48
True label fr classified as 0, likelihood 0.84
True label ru classified as 2, likelihood 0.72
=======================ite: 608
Distances:
[[  0.      236.30968 118.12247 195.06468 169.93242]
 [236.30968   0.      244.7138  188.69331 324.77423]
 [118.12247 244.7138    0.      192.455   193.99567]
 [195.06468 188.69331 192.455     0.      246.51596]
 [169.93242 324.77423 193.99567 246.51596   0.     ]]
Prediction results 
(pred_axis, truth_axis) 
[[44 55  0 89 25]
 [ 1  0 56  0  1]
 [21  6  4 10 67]
 [ 0  4 19  0  2]
 [34 35 21  1  5]]
True label en classified as 0, likelihood 0.44
True label de classified as 0, likelihood 0.55
True label cn classified as 1, likelihood 0.56
True label fr classified as 0, likelihood 0.89
True label ru classified as 2, likelihood 0.67
=======================ite: 624
Distances:
[[  0.       236.30968  118.122505 195.06468  169.93239 ]
 [236.30968    0.       244.7138   188.69331  324.77426 ]
 [118.122505 244.7138     0.       192.455    193.99567 ]
 [195.06468  188.69331  192.455      0.       246.51596 ]
 [169.93239  324.77426  193.99567  246.51596    0.      ]]
Prediction results 
(pred_axis, truth_axis) 
[[31 43  0 87 22]
 [ 1  0 56  0  1]
 [24 13  4 10 71]
 [ 0  3 18  0  1]
 [44 41 22  3  5]]
True label en classified as 4, likelihood 0.44
True label de classified as 0, likelihood 0.43
True label cn classified as 1, likelihood 0.56
True label fr classified as 0, likelihood 0.87
True label ru classified as 2, likelihood 0.71
=======================ite: 640
Distances:
[[  0.      236.3097  118.12254 195.06468 169.93236]
 [236.3097    0.      244.71382 188.6933  324.77426]
 [118.12254 244.71382   0.      192.455   193.9957 ]
 [195.06468 188.6933  192.455     0.      246.51596]
 [169.93236 324.77426 193.9957  246.51596   0.     ]]
Prediction results 
(pred_axis, truth_axis) 
[[18 17  0 80 18]
 [ 0  0 48  0  0]
 [24 11  5 10 72]
 [ 0  1 24  0  1]
 [58 71 23 10  9]]
True label en classified as 4, likelihood 0.58
True label de classified as 4, likelihood 0.71
True label cn classified as 1, likelihood 0.48
True label fr classified as 0, likelihood 0.8
True label ru classified as 2, likelihood 0.72
=======================ite: 656
Distances:
[[  0.       236.30971  118.122574 195.06468  169.93233 ]
 [236.30971    0.       244.71382  188.69328  324.77426 ]
 [118.122574 244.71382    0.       192.45499  193.99571 ]
 [195.06468  188.69328  192.45499    0.       246.51596 ]
 [169.93233  324.77426  193.99571  246.51596    0.      ]]
Prediction results 
(pred_axis, truth_axis) 
[[42 55  0 89 25]
 [ 1  0 56  0  1]
 [21  6  4 10 67]
 [ 0  4 20  0  2]
 [36 35 20  1  5]]
True label en classified as 0, likelihood 0.42
True label de classified as 0, likelihood 0.55
True label cn classified as 1, likelihood 0.56
True label fr classified as 0, likelihood 0.89
True label ru classified as 2, likelihood 0.67
=======================ite: 672
Distances:
[[  0.       236.30971  118.122604 195.0647   169.93231 ]
 [236.30971    0.       244.71382  188.69328  324.77426 ]
 [118.122604 244.71382    0.       192.45499  193.99573 ]
 [195.0647   188.69328  192.45499    0.       246.51596 ]
 [169.93231  324.77426  193.99573  246.51596    0.      ]]
Prediction results 
(pred_axis, truth_axis) 
[[28 36  0 86 24]
 [ 1  0 56  0  1]
 [24 12  4 10 69]
 [ 0  3 18  0  1]
 [47 49 22  4  5]]
True label en classified as 4, likelihood 0.47
True label de classified as 4, likelihood 0.49
True label cn classified as 1, likelihood 0.56
True label fr classified as 0, likelihood 0.86
True label ru classified as 2, likelihood 0.69
=======================ite: 688
Distances:
[[  0.      236.30972 118.12264 195.0647  169.93228]
 [236.30972   0.      244.71382 188.69327 324.77426]
 [118.12264 244.71382   0.      192.45497 193.99574]
 [195.0647  188.69327 192.45497   0.      246.51595]
 [169.93228 324.77426 193.99574 246.51595   0.     ]]
Prediction results 
(pred_axis, truth_axis) 
[[17 19  1 80 20]
 [ 1  0 48  0  0]
 [23 10  4 10 71]
 [ 0  1 24  0  1]
 [59 70 23 10  8]]
True label en classified as 4, likelihood 0.59
True label de classified as 4, likelihood 0.7
True label cn classified as 1, likelihood 0.48
True label fr classified as 0, likelihood 0.8
True label ru classified as 2, likelihood 0.71
=======================ite: 704
Distances:
[[  0.       236.30974  118.122665 195.0647   169.93225 ]
 [236.30974    0.       244.71384  188.69325  324.77426 ]
 [118.122665 244.71384    0.       192.45497  193.99576 ]
 [195.0647   188.69325  192.45497    0.       246.51595 ]
 [169.93225  324.77426  193.99576  246.51595    0.      ]]
Prediction results 
(pred_axis, truth_axis) 
[[29 41  0 86 24]
 [ 1  0 56  0  1]
 [22  6  4 10 68]
 [ 0  4 18  0  2]
 [48 49 22  4  5]]
True label en classified as 4, likelihood 0.48
True label de classified as 4, likelihood 0.49
True label cn classified as 1, likelihood 0.56
True label fr classified as 0, likelihood 0.86
True label ru classified as 2, likelihood 0.68
=======================ite: 720
Distances:
[[  0.       236.30975  118.122696 195.0647   169.93224 ]
 [236.30975    0.       244.71384  188.69324  324.77426 ]
 [118.122696 244.71384    0.       192.45497  193.99576 ]
 [195.0647   188.69324  192.45497    0.       246.51595 ]
 [169.93224  324.77426  193.99576  246.51595    0.      ]]
Prediction results 
(pred_axis, truth_axis) 
[[26 36  0 86 23]
 [ 1  0 56  0  1]
 [25 13  4 10 71]
 [ 0  3 18  0  1]
 [48 48 22  4  4]]
True label en classified as 4, likelihood 0.48
True label de classified as 4, likelihood 0.48
True label cn classified as 1, likelihood 0.56
True label fr classified as 0, likelihood 0.86
True label ru classified as 2, likelihood 0.71
=======================ite: 736
Distances:
[[  0.      236.30977 118.12273 195.0647  169.9322 ]
 [236.30977   0.      244.71384 188.69324 324.77426]
 [118.12273 244.71384   0.      192.45497 193.99579]
 [195.0647  188.69324 192.45497   0.      246.51593]
 [169.9322  324.77426 193.99579 246.51593   0.     ]]
Prediction results 
(pred_axis, truth_axis) 
[[15 17  1 80 20]
 [ 1  0 48  0  0]
 [25 11  4 10 71]
 [ 0  1 24  0  1]
 [59 71 23 10  8]]
True label en classified as 4, likelihood 0.59
True label de classified as 4, likelihood 0.71
True label cn classified as 1, likelihood 0.48
True label fr classified as 0, likelihood 0.8
True label ru classified as 2, likelihood 0.71
=======================ite: 752
Distances:
[[  0.      236.30977 118.12276 195.06468 169.93219]
 [236.30977   0.      244.71385 188.69322 324.77426]
 [118.12276 244.71385   0.      192.45496 193.99579]
 [195.06468 188.69322 192.45496   0.      246.51593]
 [169.93219 324.77426 193.99579 246.51593   0.     ]]
Prediction results 
(pred_axis, truth_axis) 
[[29 43  0 86 25]
 [ 1  0 56  0  0]
 [22  8  4 10 68]
 [ 0  3 18  0  2]
 [48 46 22  4  5]]
True label en classified as 4, likelihood 0.48
True label de classified as 4, likelihood 0.46
True label cn classified as 1, likelihood 0.56
True label fr classified as 0, likelihood 0.86
True label ru classified as 2, likelihood 0.68
=======================ite: 768
Distances:
[[  0.      236.30978 118.12279 195.0647  169.93216]
 [236.30978   0.      244.71385 188.6932  324.77426]
 [118.12279 244.71385   0.      192.45496 193.9958 ]
 [195.0647  188.6932  192.45496   0.      246.51593]
 [169.93216 324.77426 193.9958  246.51593   0.     ]]
Prediction results 
(pred_axis, truth_axis) 
[[28 39  0 86 24]
 [ 1  0 56  0  1]
 [23 10  4 10 69]
 [ 0  3 18  0  2]
 [48 48 22  4  4]]
True label en classified as 4, likelihood 0.48
True label de classified as 4, likelihood 0.48
True label cn classified as 1, likelihood 0.56
True label fr classified as 0, likelihood 0.86
True label ru classified as 2, likelihood 0.69
=======================ite: 784
Distances:
[[  0.      236.30978 118.12281 195.0647  169.93214]
 [236.30978   0.      244.71385 188.6932  324.77426]
 [118.12281 244.71385   0.      192.45494 193.99582]
 [195.0647  188.6932  192.45494   0.      246.51593]
 [169.93214 324.77426 193.99582 246.51593   0.     ]]
Prediction results 
(pred_axis, truth_axis) 
[[16 23  1 83 20]
 [ 1  0 50  0  0]
 [26 12  4 10 73]
 [ 0  1 23  0  1]
 [57 64 22  7  6]]
True label en classified as 4, likelihood 0.57
True label de classified as 4, likelihood 0.64
True label cn classified as 1, likelihood 0.5
True label fr classified as 0, likelihood 0.83
True label ru classified as 2, likelihood 0.73
=======================ite: 800
Distances:
[[  0.      236.3098  118.12284 195.0647  169.93211]
 [236.3098    0.      244.71387 188.69319 324.77426]
 [118.12284 244.71387   0.      192.45494 193.99583]
 [195.0647  188.69319 192.45494   0.      246.51591]
 [169.93211 324.77426 193.99583 246.51591   0.     ]]
Prediction results 
(pred_axis, truth_axis) 
[[26 39  0 86 23]
 [ 1  0 56  0  1]
 [22  5  4 10 68]
 [ 0  3 18  0  2]
 [51 53 22  4  6]]
True label en classified as 4, likelihood 0.51
True label de classified as 4, likelihood 0.53
True label cn classified as 1, likelihood 0.56
True label fr classified as 0, likelihood 0.86
True label ru classified as 2, likelihood 0.68
=======================ite: 816
Distances:
[[  0.      236.30981 118.12287 195.0647  169.9321 ]
 [236.30981   0.      244.71387 188.69318 324.77426]
 [118.12287 244.71387   0.      192.45494 193.99585]
 [195.0647  188.69318 192.45494   0.      246.51591]
 [169.9321  324.77426 193.99585 246.51591   0.     ]]
Prediction results 
(pred_axis, truth_axis) 
[[24 34  0 86 22]
 [ 1  0 56  0  1]
 [24 11  5 10 70]
 [ 0  3 18  0  2]
 [51 52 21  4  5]]
True label en classified as 4, likelihood 0.51
True label de classified as 4, likelihood 0.52
True label cn classified as 1, likelihood 0.56
True label fr classified as 0, likelihood 0.86
True label ru classified as 2, likelihood 0.7
=======================ite: 832
Distances:
[[  0.      236.30983 118.1229  195.0647  169.93208]
 [236.30983   0.      244.71388 188.69318 324.77426]
 [118.1229  244.71388   0.      192.45494 193.99585]
 [195.0647  188.69318 192.45494   0.      246.51591]
 [169.93208 324.77426 193.99585 246.51591   0.     ]]
Prediction results 
(pred_axis, truth_axis) 
[[16 16  1 80 20]
 [ 1  0 49  0  0]
 [25 12  4 10 73]
 [ 0  1 24  0  1]
 [58 71 22 10  6]]
True label en classified as 4, likelihood 0.58
True label de classified as 4, likelihood 0.71
True label cn classified as 1, likelihood 0.49
True label fr classified as 0, likelihood 0.8
True label ru classified as 2, likelihood 0.73
=======================ite: 848
Distances:
[[  0.      236.30983 118.12293 195.0647  169.93205]
 [236.30983   0.      244.71388 188.69316 324.77426]
 [118.12293 244.71388   0.      192.45494 193.99586]
 [195.0647  188.69316 192.45494   0.      246.51591]
 [169.93205 324.77426 193.99586 246.51591   0.     ]]
Prediction results 
(pred_axis, truth_axis) 
[[25 36  0 86 24]
 [ 1  0 56  0  1]
 [21  5  4 10 67]
 [ 0  2 18  0  2]
 [53 57 22  4  6]]
True label en classified as 4, likelihood 0.53
True label de classified as 4, likelihood 0.57
True label cn classified as 1, likelihood 0.56
True label fr classified as 0, likelihood 0.86
True label ru classified as 2, likelihood 0.67
=======================ite: 864
Distances:
[[  0.      236.30984 118.12296 195.0647  169.93204]
 [236.30984   0.      244.71388 188.69316 324.7743 ]
 [118.12296 244.71388   0.      192.45494 193.9959 ]
 [195.0647  188.69316 192.45494   0.      246.5159 ]
 [169.93204 324.7743  193.9959  246.5159    0.     ]]
Prediction results 
(pred_axis, truth_axis) 
[[21 30  0 86 22]
 [ 1  0 56  0  1]
 [25 13  5 10 70]
 [ 0  4 19  0  2]
 [53 53 20  4  5]]
True label en classified as 4, likelihood 0.53
True label de classified as 4, likelihood 0.53
True label cn classified as 1, likelihood 0.56
True label fr classified as 0, likelihood 0.86
True label ru classified as 2, likelihood 0.7
=======================ite: 880
Distances:
[[  0.      236.30984 118.12299 195.06468 169.93202]
 [236.30984   0.      244.7139  188.69315 324.7743 ]
 [118.12299 244.7139    0.      192.45493 193.99591]
 [195.06468 188.69315 192.45493   0.      246.5159 ]
