Model: "model"
_________________________________________________________________
Layer (type)                 Output Shape              Param #   
=================================================================
input_1 (InputLayer)         [(None, 400, 40, 1)]      0         
_________________________________________________________________
flatten (Flatten)            (None, 16000)             0         
_________________________________________________________________
dropout (Dropout)            (None, 16000)             0         
_________________________________________________________________
dense (Dense)                (None, 2000)              32002000  
_________________________________________________________________
dense_1 (Dense)              (None, 500)               1000500   
_________________________________________________________________
dense_2 (Dense)              (None, 500)               250500    
_________________________________________________________________
dense_3 (Dense)              (None, 100)               50100     
_________________________________________________________________
embeddings (Dense)           (None, 50)                5050      
_________________________________________________________________
flattened_encoder_output (Fl (None, 50)                0         
_________________________________________________________________
clustering (DECLayer)        (None, 5)                 250       
=================================================================
Total params: 33,308,400
Trainable params: 33,308,400
Non-trainable params: 0
_________________________________________________________________
=======================ite: 0
Distances:
[[  0.      239.1698  200.97484 189.99368 188.26689]
 [239.1698    0.      257.30768 155.66113 112.09071]
 [200.97484 257.30768   0.      217.6239  177.62596]
 [189.99368 155.66113 217.6239    0.      113.28063]
 [188.26689 112.09071 177.62596 113.28063   0.     ]]
Prediction results 
(pred_axis, truth_axis) 
[[ 0  0 49  0  1]
 [20 14 22  0  3]
 [ 1  1 26  0  1]
 [14  1  3 10 55]
 [65 84  0 90 40]]
True label en classified as 4, likelihood 0.65
True label de classified as 4, likelihood 0.84
True label cn classified as 0, likelihood 0.49
True label fr classified as 4, likelihood 0.9
True label ru classified as 3, likelihood 0.55
=======================ite: 16
Distances:
[[  0.      239.16982 200.97484 189.99371 188.2669 ]
 [239.16982   0.      257.3077  155.66118 112.09074]
 [200.97484 257.3077    0.      217.62392 177.62596]
 [189.99371 155.66118 217.62392   0.      113.28068]
 [188.2669  112.09074 177.62596 113.28068   0.     ]]
Prediction results 
(pred_axis, truth_axis) 
[[ 0  0 50  0  1]
 [35 27 24  3  6]
 [ 1  1 22  0  1]
 [18  1  2 10 57]
 [46 71  2 87 35]]
True label en classified as 4, likelihood 0.46
True label de classified as 4, likelihood 0.71
True label cn classified as 0, likelihood 0.5
True label fr classified as 4, likelihood 0.87
True label ru classified as 3, likelihood 0.57
=======================ite: 32
Distances:
[[  0.      239.16983 200.97484 189.99374 188.2669 ]
 [239.16983   0.      257.3077  155.66122 112.09076]
 [200.97484 257.3077    0.      217.62393 177.62596]
 [189.99374 155.66122 217.62393   0.      113.28073]
 [188.2669  112.09076 177.62596 113.28073   0.     ]]
Prediction results 
(pred_axis, truth_axis) 
[[ 1  0 50  0  2]
 [37 28 24  3  3]
 [ 1  1 22  0  1]
 [18  1  2 10 57]
 [43 70  2 87 37]]
True label en classified as 4, likelihood 0.43
True label de classified as 4, likelihood 0.7
True label cn classified as 0, likelihood 0.5
True label fr classified as 4, likelihood 0.87
True label ru classified as 3, likelihood 0.57
=======================ite: 48
Distances:
[[  0.      239.16986 200.97484 189.99376 188.26694]
 [239.16986   0.      257.30774 155.66127 112.09078]
 [200.97484 257.30774   0.      217.62395 177.62596]
 [189.99376 155.66127 217.62395   0.      113.28078]
 [188.26694 112.09078 177.62596 113.28078   0.     ]]
Prediction results 
(pred_axis, truth_axis) 
[[ 1  0 51  0  2]
 [38 30 24  4  5]
 [ 1  1 21  0  1]
 [18  1  2 10 57]
 [42 68  2 86 35]]
True label en classified as 4, likelihood 0.42
True label de classified as 4, likelihood 0.68
True label cn classified as 0, likelihood 0.51
True label fr classified as 4, likelihood 0.86
True label ru classified as 3, likelihood 0.57
=======================ite: 64
Distances:
[[  0.      239.16989 200.97484 189.99377 188.26694]
 [239.16989   0.      257.30777 155.66133 112.0908 ]
 [200.97484 257.30777   0.      217.62396 177.62596]
 [189.99377 155.66133 217.62396   0.      113.28083]
 [188.26694 112.0908  177.62596 113.28083   0.     ]]
Prediction results 
(pred_axis, truth_axis) 
[[ 1  0 52  0  2]
 [43 36 24  4  5]
 [ 1  1 19  0  0]
 [19  2  2 10 62]
 [36 61  3 86 31]]
True label en classified as 1, likelihood 0.43
True label de classified as 4, likelihood 0.61
True label cn classified as 0, likelihood 0.52
True label fr classified as 4, likelihood 0.86
True label ru classified as 3, likelihood 0.62
=======================ite: 80
Distances:
[[  0.      239.16992 200.97484 189.99379 188.26697]
 [239.16992   0.      257.30777 155.66139 112.09081]
 [200.97484 257.30777   0.      217.624   177.62596]
 [189.99379 155.66139 217.624     0.      113.28087]
 [188.26697 112.09081 177.62596 113.28087   0.     ]]
Prediction results 
(pred_axis, truth_axis) 
[[ 1  0 53  0  5]
 [42 32 23  4  4]
 [ 1  1 18  0  0]
 [19  2  3 10 61]
 [37 65  3 86 30]]
True label en classified as 1, likelihood 0.42
True label de classified as 4, likelihood 0.65
True label cn classified as 0, likelihood 0.53
True label fr classified as 4, likelihood 0.86
True label ru classified as 3, likelihood 0.61
=======================ite: 96
Distances:
[[  0.      239.16995 200.97484 189.9938  188.26698]
 [239.16995   0.      257.3078  155.66142 112.09082]
 [200.97484 257.3078    0.      217.62401 177.62596]
 [189.9938  155.66142 217.62401   0.      113.28091]
 [188.26698 112.09082 177.62596 113.28091   0.     ]]
Prediction results 
(pred_axis, truth_axis) 
[[ 1  0 53  0  3]
 [42 32 23  4  3]
 [ 1  0 18  0  0]
 [19  2  3 10 64]
 [37 66  3 86 30]]
True label en classified as 1, likelihood 0.42
True label de classified as 4, likelihood 0.66
True label cn classified as 0, likelihood 0.53
True label fr classified as 4, likelihood 0.86
True label ru classified as 3, likelihood 0.64
=======================ite: 112
Distances:
[[  0.       239.17     200.97484  189.9938   188.267   ]
 [239.17       0.       257.30783  155.66147  112.09082 ]
 [200.97484  257.30783    0.       217.62401  177.62598 ]
 [189.9938   155.66147  217.62401    0.       113.280945]
 [188.267    112.09082  177.62598  113.280945   0.      ]]
Prediction results 
(pred_axis, truth_axis) 
[[ 1  0 53  0  3]
 [43 35 23  4  3]
 [ 1  0 18  0  0]
 [20  2  3 10 64]
 [35 63  3 86 30]]
True label en classified as 1, likelihood 0.43
True label de classified as 4, likelihood 0.63
True label cn classified as 0, likelihood 0.53
True label fr classified as 4, likelihood 0.86
True label ru classified as 3, likelihood 0.64
=======================ite: 128
Distances:
[[  0.       239.17003  200.97482  189.99382  188.26703 ]
 [239.17003    0.       257.30783  155.66151  112.09082 ]
 [200.97482  257.30783    0.       217.62402  177.62598 ]
 [189.99382  155.66151  217.62402    0.       113.280975]
 [188.26703  112.09082  177.62598  113.280975   0.      ]]
Prediction results 
(pred_axis, truth_axis) 
[[ 1  0 55  0  3]
 [42 33 22  2  1]
 [ 1  0 17  0  0]
 [20  3  2 10 68]
 [36 64  4 88 28]]
True label en classified as 1, likelihood 0.42
True label de classified as 4, likelihood 0.64
True label cn classified as 0, likelihood 0.55
True label fr classified as 4, likelihood 0.88
True label ru classified as 3, likelihood 0.68
=======================ite: 144
Distances:
[[  0.       239.17006  200.97482  189.99382  188.26703 ]
 [239.17006    0.       257.30786  155.66154  112.09081 ]
 [200.97482  257.30786    0.       217.62402  177.62599 ]
 [189.99382  155.66154  217.62402    0.       113.281006]
 [188.26703  112.09081  177.62599  113.281006   0.      ]]
Prediction results 
(pred_axis, truth_axis) 
[[ 1  0 54  0  3]
 [42 33 21  2  1]
 [ 1  0 17  0  0]
 [19  4  3 10 68]
 [37 63  5 88 28]]
True label en classified as 1, likelihood 0.42
True label de classified as 4, likelihood 0.63
True label cn classified as 0, likelihood 0.54
True label fr classified as 4, likelihood 0.88
True label ru classified as 3, likelihood 0.68
=======================ite: 160
Distances:
[[  0.      239.1701  200.97482 189.99382 188.26706]
 [239.1701    0.      257.3079  155.66158 112.0908 ]
 [200.97482 257.3079    0.      217.62404 177.626  ]
 [189.99382 155.66158 217.62404   0.      113.28104]
 [188.26706 112.0908  177.626   113.28104   0.     ]]
Prediction results 
(pred_axis, truth_axis) 
[[ 0  0 54  0  4]
 [42 34 21  2  1]
 [ 1  0 17  0  0]
 [20  5  3 10 67]
 [37 61  5 88 28]]
True label en classified as 1, likelihood 0.42
True label de classified as 4, likelihood 0.61
True label cn classified as 0, likelihood 0.54
True label fr classified as 4, likelihood 0.88
True label ru classified as 3, likelihood 0.67
=======================ite: 176
Distances:
[[  0.       239.17014  200.97481  189.9938   188.26709 ]
 [239.17014    0.       257.3079   155.66162  112.09078 ]
 [200.97481  257.3079     0.       217.62404  177.626   ]
 [189.9938   155.66162  217.62404    0.       113.281075]
 [188.26709  112.09078  177.626    113.281075   0.      ]]
Prediction results 
(pred_axis, truth_axis) 
[[ 1  0 54  0  4]
 [41 34 21  2  1]
 [ 1  0 17  0  0]
 [21  6  3 10 69]
 [36 60  5 88 26]]
True label en classified as 1, likelihood 0.41
True label de classified as 4, likelihood 0.6
True label cn classified as 0, likelihood 0.54
True label fr classified as 4, likelihood 0.88
True label ru classified as 3, likelihood 0.69
=======================ite: 192
Distances:
[[  0.      239.17015 200.97481 189.9938  188.26712]
 [239.17015   0.      257.30792 155.66164 112.09075]
 [200.97481 257.30792   0.      217.62405 177.62602]
 [189.9938  155.66164 217.62405   0.      113.28111]
 [188.26712 112.09075 177.62602 113.28111   0.     ]]
Prediction results 
(pred_axis, truth_axis) 
[[ 0  0 54  0  3]
 [41 33 20  2  1]
 [ 1  0 17  0  0]
 [22  6  3 10 70]
 [36 61  6 88 26]]
True label en classified as 1, likelihood 0.41
True label de classified as 4, likelihood 0.61
True label cn classified as 0, likelihood 0.54
True label fr classified as 4, likelihood 0.88
True label ru classified as 3, likelihood 0.7
=======================ite: 208
Distances:
[[  0.      239.17018 200.97481 189.9938  188.26714]
 [239.17018   0.      257.30792 155.66168 112.09072]
 [200.97481 257.30792   0.      217.62405 177.62604]
 [189.9938  155.66168 217.62405   0.      113.28115]
 [188.26714 112.09072 177.62604 113.28115   0.     ]]
Prediction results 
(pred_axis, truth_axis) 
[[ 0  0 54  0  3]
 [41 35 20  2  1]
 [ 1  0 17  0  0]
 [21  6  3 10 70]
 [37 59  6 88 26]]
True label en classified as 1, likelihood 0.41
True label de classified as 4, likelihood 0.59
True label cn classified as 0, likelihood 0.54
True label fr classified as 4, likelihood 0.88
True label ru classified as 3, likelihood 0.7
=======================ite: 224
Distances:
[[  0.       239.17021  200.9748   189.9938   188.26717 ]
 [239.17021    0.       257.30792  155.66171  112.09069 ]
 [200.9748   257.30792    0.       217.62407  177.62604 ]
 [189.9938   155.66171  217.62407    0.       113.281204]
 [188.26717  112.09069  177.62604  113.281204   0.      ]]
Prediction results 
(pred_axis, truth_axis) 
[[ 0  0 54  0  3]
 [42 35 20  2  1]
 [ 0  0 17  0  0]
 [23  7  3 10 70]
 [35 58  6 88 26]]
True label en classified as 1, likelihood 0.42
True label de classified as 4, likelihood 0.58
True label cn classified as 0, likelihood 0.54
True label fr classified as 4, likelihood 0.88
True label ru classified as 3, likelihood 0.7
=======================ite: 240
Distances:
[[  0.      239.17024 200.97478 189.99379 188.2672 ]
 [239.17024   0.      257.30795 155.66174 112.09066]
 [200.97478 257.30795   0.      217.62407 177.62605]
 [189.99379 155.66174 217.62407   0.      113.28124]
 [188.2672  112.09066 177.62605 113.28124   0.     ]]
Prediction results 
(pred_axis, truth_axis) 
[[ 0  0 54  0  1]
 [41 34 20  2  1]
 [ 0  0 17  0  0]
 [23  7  3 10 73]
 [36 59  6 88 25]]
True label en classified as 1, likelihood 0.41
True label de classified as 4, likelihood 0.59
True label cn classified as 0, likelihood 0.54
True label fr classified as 4, likelihood 0.88
True label ru classified as 3, likelihood 0.73
=======================ite: 256
Distances:
[[  0.      239.17026 200.97478 189.99379 188.26723]
 [239.17026   0.      257.30795 155.66179 112.09062]
 [200.97478 257.30795   0.      217.62408 177.62607]
 [189.99379 155.66179 217.62408   0.      113.28129]
 [188.26723 112.09062 177.62607 113.28129   0.     ]]
Prediction results 
(pred_axis, truth_axis) 
[[ 0  0 54  0  2]
 [42 35 20  2  1]
 [ 0  0 17  0  0]
 [23  7  3 10 71]
 [35 58  6 88 26]]
True label en classified as 1, likelihood 0.42
True label de classified as 4, likelihood 0.58
True label cn classified as 0, likelihood 0.54
True label fr classified as 4, likelihood 0.88
True label ru classified as 3, likelihood 0.71
=======================ite: 272
Distances:
[[  0.      239.17029 200.97478 189.99379 188.26724]
 [239.17029   0.      257.30795 155.66182 112.0906 ]
 [200.97478 257.30795   0.      217.6241  177.62607]
 [189.99379 155.66182 217.6241    0.      113.28134]
 [188.26724 112.0906  177.62607 113.28134   0.     ]]
Prediction results 
(pred_axis, truth_axis) 
[[ 0  0 54  0  2]
 [42 36 20  2  1]
 [ 0  0 17  0  0]
 [23  8  3 10 73]
 [35 56  6 88 24]]
True label en classified as 1, likelihood 0.42
True label de classified as 4, likelihood 0.56
True label cn classified as 0, likelihood 0.54
True label fr classified as 4, likelihood 0.88
True label ru classified as 3, likelihood 0.73
=======================ite: 288
Distances:
[[  0.      239.1703  200.97476 189.99377 188.26726]
 [239.1703    0.      257.30798 155.66185 112.09055]
 [200.97476 257.30798   0.      217.6241  177.62608]
 [189.99377 155.66185 217.6241    0.      113.28138]
 [188.26726 112.09055 177.62608 113.28138   0.     ]]
Prediction results 
(pred_axis, truth_axis) 
[[ 0  0 54  0  1]
 [42 35 20  2  1]
 [ 0  0 17  0  0]
 [25 10  3 10 74]
 [33 55  6 88 24]]
True label en classified as 1, likelihood 0.42
True label de classified as 4, likelihood 0.55
True label cn classified as 0, likelihood 0.54
True label fr classified as 4, likelihood 0.88
True label ru classified as 3, likelihood 0.74
=======================ite: 304
Distances:
[[  0.      239.17033 200.97475 189.99377 188.26729]
 [239.17033   0.      257.30798 155.6619  112.09052]
 [200.97475 257.30798   0.      217.6241  177.6261 ]
 [189.99377 155.6619  217.6241    0.      113.28142]
 [188.26729 112.09052 177.6261  113.28142   0.     ]]
Prediction results 
(pred_axis, truth_axis) 
[[ 0  0 54  0  2]
 [42 36 20  2  1]
 [ 0  0 17  0  0]
 [23  8  3 10 73]
 [35 56  6 88 24]]
True label en classified as 1, likelihood 0.42
True label de classified as 4, likelihood 0.56
True label cn classified as 0, likelihood 0.54
True label fr classified as 4, likelihood 0.88
True label ru classified as 3, likelihood 0.73
=======================ite: 320
Distances:
[[  0.      239.17036 200.97475 189.99377 188.2673 ]
 [239.17036   0.      257.30798 155.66193 112.09049]
 [200.97475 257.30798   0.      217.62411 177.6261 ]
 [189.99377 155.66193 217.62411   0.      113.28146]
 [188.2673  112.09049 177.6261  113.28146   0.     ]]
Prediction results 
(pred_axis, truth_axis) 
[[ 0  0 54  0  2]
 [42 37 20  2  1]
 [ 0  0 17  0  0]
 [23 10  3 10 73]
 [35 53  6 88 24]]
True label en classified as 1, likelihood 0.42
True label de classified as 4, likelihood 0.53
True label cn classified as 0, likelihood 0.54
True label fr classified as 4, likelihood 0.88
True label ru classified as 3, likelihood 0.73
=======================ite: 336
Distances:
[[  0.       239.17038  200.97475  189.99377  188.26732 ]
 [239.17038    0.       257.30798  155.66196  112.090454]
 [200.97475  257.30798    0.       217.62411  177.62611 ]
 [189.99377  155.66196  217.62411    0.       113.281494]
 [188.26732  112.090454 177.62611  113.281494   0.      ]]
Prediction results 
(pred_axis, truth_axis) 
[[ 0  0 53  0  1]
 [42 36 20  2  1]
 [ 0  0 18  0  0]
 [25 11  5 10 74]
 [33 53  4 88 24]]
True label en classified as 1, likelihood 0.42
True label de classified as 4, likelihood 0.53
True label cn classified as 0, likelihood 0.53
True label fr classified as 4, likelihood 0.88
True label ru classified as 3, likelihood 0.74
=======================ite: 352
Distances:
[[  0.       239.1704   200.97473  189.99377  188.26733 ]
 [239.1704     0.       257.308    155.662    112.09042 ]
 [200.97473  257.308      0.       217.62411  177.62613 ]
 [189.99377  155.662    217.62411    0.       113.281525]
 [188.26733  112.09042  177.62613  113.281525   0.      ]]
Prediction results 
(pred_axis, truth_axis) 
[[ 0  0 53  0  2]
 [42 36 20  2  1]
 [ 0  0 19  0  0]
 [22 10  2 10 73]
 [36 54  6 88 24]]
True label en classified as 1, likelihood 0.42
True label de classified as 4, likelihood 0.54
True label cn classified as 0, likelihood 0.53
True label fr classified as 4, likelihood 0.88
True label ru classified as 3, likelihood 0.73
=======================ite: 368
Distances:
[[  0.      239.17041 200.97473 189.99377 188.26735]
 [239.17041   0.      257.308   155.66203 112.09039]
 [200.97473 257.308     0.      217.62411 177.62614]
 [189.99377 155.66203 217.62411   0.      113.28156]
 [188.26735 112.09039 177.62614 113.28156   0.     ]]
Prediction results 
(pred_axis, truth_axis) 
[[ 0  0 54  0  2]
 [42 39 20  2  1]
 [ 0  0 17  0  0]
 [24 10  3 10 73]
 [34 51  6 88 24]]
True label en classified as 1, likelihood 0.42
True label de classified as 4, likelihood 0.51
True label cn classified as 0, likelihood 0.54
True label fr classified as 4, likelihood 0.88
True label ru classified as 3, likelihood 0.73
=======================ite: 384
Distances:
[[  0.       239.17044  200.97473  189.99377  188.26738 ]
 [239.17044    0.       257.308    155.66206  112.090355]
 [200.97473  257.308      0.       217.62411  177.62614 ]
 [189.99377  155.66206  217.62411    0.       113.281586]
 [188.26738  112.090355 177.62614  113.281586   0.      ]]
Prediction results 
(pred_axis, truth_axis) 
[[ 0  0 53  0  1]
 [41 36 20  2  1]
 [ 0  0 18  0  0]
 [25 12  5 10 74]
 [34 52  4 88 24]]
True label en classified as 1, likelihood 0.41
True label de classified as 4, likelihood 0.52
True label cn classified as 0, likelihood 0.53
True label fr classified as 4, likelihood 0.88
True label ru classified as 3, likelihood 0.74
=======================ite: 400
Distances:
[[  0.       239.17046  200.97473  189.99376  188.2674  ]
 [239.17046    0.       257.308    155.6621   112.090324]
 [200.97473  257.308      0.       217.62411  177.62616 ]
 [189.99376  155.6621   217.62411    0.       113.2816  ]
 [188.2674   112.090324 177.62616  113.2816     0.      ]]
Prediction results 
(pred_axis, truth_axis) 
[[ 0  0 53  0  2]
 [42 36 20  2  1]
 [ 0  0 19  0  0]
 [24 10  2 10 73]
 [34 54  6 88 24]]
True label en classified as 1, likelihood 0.42
True label de classified as 4, likelihood 0.54
True label cn classified as 0, likelihood 0.53
True label fr classified as 4, likelihood 0.88
True label ru classified as 3, likelihood 0.73
=======================ite: 416
Distances:
[[  0.      239.17047 200.97472 189.99376 188.26741]
 [239.17047   0.      257.308   155.66212 112.0903 ]
 [200.97472 257.308     0.      217.62411 177.62617]
 [189.99376 155.66212 217.62411   0.      113.28163]
 [188.26741 112.0903  177.62617 113.28163   0.     ]]
Prediction results 
(pred_axis, truth_axis) 
[[ 0  0 55  0  1]
 [42 39 20  2  1]
 [ 0  0 17  0  0]
 [25 11  4 10 74]
 [33 50  4 88 24]]
True label en classified as 1, likelihood 0.42
True label de classified as 4, likelihood 0.5
True label cn classified as 0, likelihood 0.55
True label fr classified as 4, likelihood 0.88
True label ru classified as 3, likelihood 0.74
=======================ite: 432
Distances:
[[  0.       239.1705   200.97472  189.99374  188.26743 ]
 [239.1705     0.       257.308    155.66216  112.09027 ]
 [200.97472  257.308      0.       217.62411  177.62619 ]
 [189.99374  155.66216  217.62411    0.       113.281654]
 [188.26743  112.09027  177.62619  113.281654   0.      ]]
Prediction results 
(pred_axis, truth_axis) 
[[ 0  0 52  0  1]
 [41 32 20  2  1]
 [ 0  0 19  0  0]
 [26 15  5 10 74]
 [33 53  4 88 24]]
True label en classified as 1, likelihood 0.41
True label de classified as 4, likelihood 0.53
True label cn classified as 0, likelihood 0.52
True label fr classified as 4, likelihood 0.88
True label ru classified as 3, likelihood 0.74
=======================ite: 448
Distances:
[[  0.      239.17052 200.9747  189.99374 188.26743]
 [239.17052   0.      257.308   155.66219 112.09024]
 [200.9747  257.308     0.      217.62411 177.6262 ]
 [189.99374 155.66219 217.62411   0.      113.28167]
 [188.26743 112.09024 177.6262  113.28167   0.     ]]
Prediction results 
(pred_axis, truth_axis) 
[[ 1  0 53  0  2]
 [42 36 20  2  1]
 [ 0  0 19  0  0]
 [24 10  2 10 73]
 [33 54  6 88 24]]
True label en classified as 1, likelihood 0.42
True label de classified as 4, likelihood 0.54
True label cn classified as 0, likelihood 0.53
True label fr classified as 4, likelihood 0.88
True label ru classified as 3, likelihood 0.73
=======================ite: 464
Distances:
[[  0.       239.17053  200.9747   189.99374  188.26744 ]
 [239.17053    0.       257.308    155.66222  112.090225]
 [200.9747   257.308      0.       217.62411  177.6262  ]
 [189.99374  155.66222  217.62411    0.       113.28169 ]
 [188.26744  112.090225 177.6262   113.28169    0.      ]]
Prediction results 
(pred_axis, truth_axis) 
[[ 1  0 55  0  1]
 [43 39 20  2  1]
 [ 0  0 17  0  0]
 [25 12  4 10 74]
 [31 49  4 88 24]]
True label en classified as 1, likelihood 0.43
True label de classified as 4, likelihood 0.49
True label cn classified as 0, likelihood 0.55
True label fr classified as 4, likelihood 0.88
True label ru classified as 3, likelihood 0.74
=======================ite: 480
Distances:
[[  0.       239.17055  200.9747   189.99374  188.26746 ]
 [239.17055    0.       257.30804  155.66225  112.090195]
 [200.9747   257.30804    0.       217.62411  177.62622 ]
 [189.99374  155.66225  217.62411    0.       113.28171 ]
 [188.26746  112.090195 177.62622  113.28171    0.      ]]
Prediction results 
(pred_axis, truth_axis) 
[[ 1  0 53  0  1]
 [41 33 20  2  1]
 [ 0  0 18  0  0]
 [26 15  5 10 74]
 [32 52  4 88 24]]
True label en classified as 1, likelihood 0.41
True label de classified as 4, likelihood 0.52
True label cn classified as 0, likelihood 0.53
True label fr classified as 4, likelihood 0.88
True label ru classified as 3, likelihood 0.74
=======================ite: 496
Distances:
[[  0.       239.17058  200.9747   189.99374  188.26747 ]
 [239.17058    0.       257.30804  155.66228  112.090164]
 [200.9747   257.30804    0.       217.62411  177.62624 ]
 [189.99374  155.66228  217.62411    0.       113.28172 ]
 [188.26747  112.090164 177.62624  113.28172    0.      ]]
Prediction results 
(pred_axis, truth_axis) 
[[ 1  0 53  0  1]
 [42 36 20  2  1]
 [ 0  0 19  0  0]
 [24 11  4 10 74]
 [33 53  4 88 24]]
True label en classified as 1, likelihood 0.42
True label de classified as 4, likelihood 0.53
True label cn classified as 0, likelihood 0.53
True label fr classified as 4, likelihood 0.88
True label ru classified as 3, likelihood 0.74
=======================ite: 512
Distances:
[[  0.      239.1706  200.97469 189.99374 188.26749]
 [239.1706    0.      257.30804 155.66231 112.09015]
 [200.97469 257.30804   0.      217.62411 177.62624]
 [189.99374 155.66231 217.62411   0.      113.28174]
 [188.26749 112.09015 177.62624 113.28174   0.     ]]
Prediction results 
(pred_axis, truth_axis) 
[[ 1  0 54  0  1]
 [43 40 20  2  1]
 [ 0  0 18  0  0]
 [25 13  4 10 74]
 [31 47  4 88 24]]
True label en classified as 1, likelihood 0.43
True label de classified as 4, likelihood 0.47
True label cn classified as 0, likelihood 0.54
True label fr classified as 4, likelihood 0.88
True label ru classified as 3, likelihood 0.74
=======================ite: 528
Distances:
[[  0.      239.17061 200.97469 189.99374 188.26749]
 [239.17061   0.      257.30804 155.66232 112.09012]
 [200.97469 257.30804   0.      217.62411 177.62625]
 [189.99374 155.66232 217.62411   0.      113.28175]
 [188.26749 112.09012 177.62625 113.28175   0.     ]]
Prediction results 
(pred_axis, truth_axis) 
[[ 1  0 53  0  1]
 [41 31 20  2  1]
 [ 0  0 18  0  0]
 [26 19  5 10 74]
 [32 50  4 88 24]]
True label en classified as 1, likelihood 0.41
True label de classified as 4, likelihood 0.5
True label cn classified as 0, likelihood 0.53
True label fr classified as 4, likelihood 0.88
True label ru classified as 3, likelihood 0.74
=======================ite: 544
Distances:
[[  0.      239.17062 200.97467 189.99374 188.2675 ]
 [239.17062   0.      257.30804 155.66234 112.0901 ]
 [200.97467 257.30804   0.      217.62411 177.62627]
 [189.99374 155.66234 217.62411   0.      113.28176]
 [188.2675  112.0901  177.62627 113.28176   0.     ]]
Prediction results 
(pred_axis, truth_axis) 
[[ 1  0 53  0  1]
 [42 35 20  2  1]
 [ 0  0 19  0  0]
 [25 13  4 10 74]
 [32 52  4 88 24]]
True label en classified as 1, likelihood 0.42
True label de classified as 4, likelihood 0.52
True label cn classified as 0, likelihood 0.53
True label fr classified as 4, likelihood 0.88
True label ru classified as 3, likelihood 0.74
=======================ite: 560
Distances:
[[  0.      239.17064 200.97467 189.99374 188.2675 ]
 [239.17064   0.      257.30807 155.66237 112.09009]
 [200.97467 257.30807   0.      217.62411 177.62627]
 [189.99374 155.66237 217.62411   0.      113.28178]
 [188.2675  112.09009 177.62627 113.28178   0.     ]]
Prediction results 
(pred_axis, truth_axis) 
[[ 1  0 54  0  1]
 [43 35 20  2  1]
 [ 0  0 18  0  0]
 [25 15  4 10 74]
 [31 50  4 88 24]]
True label en classified as 1, likelihood 0.43
True label de classified as 4, likelihood 0.5
True label cn classified as 0, likelihood 0.54
True label fr classified as 4, likelihood 0.88
True label ru classified as 3, likelihood 0.74
=======================ite: 576
Distances:
[[  0.      239.17065 200.97467 189.99374 188.26752]
 [239.17065   0.      257.30807 155.6624  112.09006]
 [200.97467 257.30807   0.      217.62411 177.62627]
 [189.99374 155.6624  217.62411   0.      113.28179]
 [188.26752 112.09006 177.62627 113.28179   0.     ]]
Prediction results 
(pred_axis, truth_axis) 
[[ 1  0 53  0  1]
 [42 34 20  2  1]
 [ 0  0 18  0  0]
 [26 19  5 10 74]
 [31 47  4 88 24]]
True label en classified as 1, likelihood 0.42
True label de classified as 4, likelihood 0.47
True label cn classified as 0, likelihood 0.53
True label fr classified as 4, likelihood 0.88
True label ru classified as 3, likelihood 0.74
=======================ite: 592
Distances:
[[  0.      239.17067 200.97467 189.99374 188.26752]
 [239.17067   0.      257.30807 155.66241 112.09004]
 [200.97467 257.30807   0.      217.62411 177.62628]
 [189.99374 155.66241 217.62411   0.      113.2818 ]
 [188.26752 112.09004 177.62628 113.2818    0.     ]]
Prediction results 
(pred_axis, truth_axis) 
[[ 1  0 53  0  1]
 [43 36 20  2  1]
 [ 0  0 19  0  0]
 [24 13  4 10 74]
 [32 51  4 88 24]]
True label en classified as 1, likelihood 0.43
True label de classified as 4, likelihood 0.51
True label cn classified as 0, likelihood 0.53
True label fr classified as 4, likelihood 0.88
True label ru classified as 3, likelihood 0.74
=======================ite: 608
Distances:
[[  0.       239.17068  200.97467  189.99374  188.26752 ]
 [239.17068    0.       257.30807  155.66245  112.090034]
 [200.97467  257.30807    0.       217.62411  177.62628 ]
 [189.99374  155.66245  217.62411    0.       113.28181 ]
 [188.26752  112.090034 177.62628  113.28181    0.      ]]
Prediction results 
(pred_axis, truth_axis) 
[[ 1  0 54  0  1]
 [43 41 20  3  1]
 [ 0  0 18  0  0]
 [25 15  4 10 74]
 [31 44  4 87 24]]
True label en classified as 1, likelihood 0.43
True label de classified as 4, likelihood 0.44
True label cn classified as 0, likelihood 0.54
True label fr classified as 4, likelihood 0.87
True label ru classified as 3, likelihood 0.74
=======================ite: 624
Distances:
[[  0.      239.1707  200.97466 189.99374 188.26753]
 [239.1707    0.      257.3081  155.66246 112.09001]
 [200.97466 257.3081    0.      217.62411 177.6263 ]
 [189.99374 155.66246 217.62411   0.      113.28182]
 [188.26753 112.09001 177.6263  113.28182   0.     ]]
Prediction results 
(pred_axis, truth_axis) 
[[ 1  0 54  0  1]
 [41 32 20  2  1]
 [ 0  0 18  0  0]
 [26 19  4 10 74]
 [32 49  4 88 24]]
True label en classified as 1, likelihood 0.41
True label de classified as 4, likelihood 0.49
True label cn classified as 0, likelihood 0.54
True label fr classified as 4, likelihood 0.88
True label ru classified as 3, likelihood 0.74
=======================ite: 640
Distances:
[[  0.      239.17072 200.97466 189.99374 188.26755]
 [239.17072   0.      257.3081  155.66249 112.09   ]
 [200.97466 257.3081    0.      217.62411 177.6263 ]
 [189.99374 155.66249 217.62411   0.      113.28182]
 [188.26755 112.09    177.6263  113.28182   0.     ]]
Prediction results 
(pred_axis, truth_axis) 
[[ 1  0 54  0  1]
 [43 40 20  2  1]
 [ 0  0 18  0  0]
 [25 13  4 10 74]
 [31 47  4 88 24]]
True label en classified as 1, likelihood 0.43
True label de classified as 4, likelihood 0.47
True label cn classified as 0, likelihood 0.54
True label fr classified as 4, likelihood 0.88
True label ru classified as 3, likelihood 0.74
=======================ite: 656
Distances:
[[  0.      239.17075 200.97466 189.99374 188.26755]
 [239.17075   0.      257.3081  155.6625  112.08999]
 [200.97466 257.3081    0.      217.62411 177.6263 ]
 [189.99374 155.6625  217.62411   0.      113.28184]
 [188.26755 112.08999 177.6263  113.28184   0.     ]]
Prediction results 
(pred_axis, truth_axis) 
[[ 1  0 54  0  1]
 [43 41 20  3  1]
 [ 0  0 18  0  0]
 [25 16  4 10 74]
 [31 43  4 87 24]]
True label en classified as 1, likelihood 0.43
True label de classified as 4, likelihood 0.43
True label cn classified as 0, likelihood 0.54
True label fr classified as 4, likelihood 0.87
True label ru classified as 3, likelihood 0.74
=======================ite: 672
Distances:
[[  0.       239.17076  200.97466  189.99374  188.26755 ]
 [239.17076    0.       257.3081   155.66252  112.08997 ]
 [200.97466  257.3081     0.       217.62411  177.62631 ]
 [189.99374  155.66252  217.62411    0.       113.281845]
 [188.26755  112.08997  177.62631  113.281845   0.      ]]
Prediction results 
(pred_axis, truth_axis) 
[[ 1  0 54  0  1]
 [41 33 20  2  1]
 [ 0  0 18  0  0]
 [26 20  4 10 74]
 [32 47  4 88 24]]
True label en classified as 1, likelihood 0.41
True label de classified as 4, likelihood 0.47
True label cn classified as 0, likelihood 0.54
True label fr classified as 4, likelihood 0.88
True label ru classified as 3, likelihood 0.74
=======================ite: 688
Distances:
[[  0.      239.17078 200.97464 189.99374 188.26756]
 [239.17078   0.      257.30814 155.66255 112.08996]
 [200.97464 257.30814   0.      217.62411 177.62631]
 [189.99374 155.66255 217.62411   0.      113.28184]
 [188.26756 112.08996 177.62631 113.28184   0.     ]]
Prediction results 
(pred_axis, truth_axis) 
[[ 1  0 54  0  1]
 [43 36 20  2  1]
 [ 0  0 18  0  0]
 [25 14  4 10 74]
 [31 50  4 88 24]]
True label en classified as 1, likelihood 0.43
True label de classified as 4, likelihood 0.5
True label cn classified as 0, likelihood 0.54
True label fr classified as 4, likelihood 0.88
True label ru classified as 3, likelihood 0.74
=======================ite: 704
Distances:
[[  0.      239.17079 200.97464 189.99374 188.26758]
 [239.17079   0.      257.30814 155.66255 112.08996]
 [200.97464 257.30814   0.      217.62411 177.62631]
 [189.99374 155.66255 217.62411   0.      113.28185]
 [188.26758 112.08996 177.62631 113.28185   0.     ]]
Prediction results 
(pred_axis, truth_axis) 
[[ 1  0 54  0  1]
 [44 40 20  3  1]
 [ 0  0 18  0  0]
 [25 16  4 10 74]
 [30 44  4 87 24]]
True label en classified as 1, likelihood 0.44
True label de classified as 4, likelihood 0.44
True label cn classified as 0, likelihood 0.54
True label fr classified as 4, likelihood 0.87
True label ru classified as 3, likelihood 0.74
=======================ite: 720
Distances:
[[  0.      239.17082 200.97464 189.99374 188.26758]
 [239.17082   0.      257.30814 155.66258 112.08994]
 [200.97464 257.30814   0.      217.6241  177.62631]
 [189.99374 155.66258 217.6241    0.      113.28185]
 [188.26758 112.08994 177.62631 113.28185   0.     ]]
Prediction results 
(pred_axis, truth_axis) 
[[ 1  0 54  0  1]
 [41 32 20  2  1]
 [ 0  0 18  0  0]
 [26 20  4 10 74]
 [32 48  4 88 24]]
True label en classified as 1, likelihood 0.41
True label de classified as 4, likelihood 0.48
True label cn classified as 0, likelihood 0.54
True label fr classified as 4, likelihood 0.88
True label ru classified as 3, likelihood 0.74
=======================ite: 736
Distances:
[[  0.       239.17084  200.97464  189.99374  188.26758 ]
 [239.17084    0.       257.30817  155.6626   112.089935]
 [200.97464  257.30817    0.       217.6241   177.62633 ]
 [189.99374  155.6626   217.6241     0.       113.28185 ]
 [188.26758  112.089935 177.62633  113.28185    0.      ]]
Prediction results 
(pred_axis, truth_axis) 
[[ 1  0 54  0  1]
 [43 37 20  2  1]
 [ 0  0 18  0  0]
 [25 14  4 10 74]
 [31 49  4 88 24]]
True label en classified as 1, likelihood 0.43
True label de classified as 4, likelihood 0.49
True label cn classified as 0, likelihood 0.54
True label fr classified as 4, likelihood 0.88
True label ru classified as 3, likelihood 0.74
=======================ite: 752
Distances:
[[  0.       239.17085  200.97464  189.99374  188.26758 ]
 [239.17085    0.       257.30817  155.66261  112.089935]
 [200.97464  257.30817    0.       217.6241   177.62633 ]
 [189.99374  155.66261  217.6241     0.       113.28186 ]
 [188.26758  112.089935 177.62633  113.28186    0.      ]]
Prediction results 
(pred_axis, truth_axis) 
[[ 1  0 54  0  1]
 [44 37 20  3  1]
 [ 0  0 18  0  0]
 [26 18  4 10 74]
 [29 45  4 87 24]]
True label en classified as 1, likelihood 0.44
True label de classified as 4, likelihood 0.45
True label cn classified as 0, likelihood 0.54
True label fr classified as 4, likelihood 0.87
True label ru classified as 3, likelihood 0.74
=======================ite: 768
Distances:
[[  0.      239.17087 200.97464 189.99374 188.2676 ]
 [239.17087   0.      257.30817 155.66263 112.08992]
 [200.97464 257.30817   0.      217.6241  177.62633]
 [189.99374 155.66263 217.6241    0.      113.28187]
 [188.2676  112.08992 177.62633 113.28187   0.     ]]
Prediction results 
(pred_axis, truth_axis) 
[[ 1  0 54  0  1]
 [41 34 20  2  1]
 [ 0  0 18  0  0]
 [26 21  4 10 76]
 [32 45  4 88 22]]
True label en classified as 1, likelihood 0.41
True label de classified as 4, likelihood 0.45
True label cn classified as 0, likelihood 0.54
True label fr classified as 4, likelihood 0.88
True label ru classified as 3, likelihood 0.76
=======================ite: 784
Distances:
[[  0.      239.17088 200.97464 189.99374 188.2676 ]
 [239.17088   0.      257.30817 155.66264 112.08992]
 [200.97464 257.30817   0.      217.6241  177.62634]
 [189.99374 155.66264 217.6241    0.      113.28187]
 [188.2676  112.08992 177.62634 113.28187   0.     ]]
Prediction results 
(pred_axis, truth_axis) 
[[ 1  0 54  0  1]
 [44 38 20  2  1]
 [ 0  0 18  0  0]
 [25 14  4 10 74]
 [30 48  4 88 24]]
True label en classified as 1, likelihood 0.44
True label de classified as 4, likelihood 0.48
True label cn classified as 0, likelihood 0.54
True label fr classified as 4, likelihood 0.88
True label ru classified as 3, likelihood 0.74
=======================ite: 800
Distances:
[[  0.      239.1709  200.97464 189.99373 188.26761]
 [239.1709    0.      257.3082  155.66266 112.08992]
 [200.97464 257.3082    0.      217.6241  177.62633]
 [189.99373 155.66266 217.6241    0.      113.28187]
 [188.26761 112.08992 177.62633 113.28187   0.     ]]
Prediction results 
(pred_axis, truth_axis) 
[[ 1  0 54  0  1]
 [44 38 20  3  1]
 [ 0  0 18  0  0]
 [26 18  4 10 74]
 [29 44  4 87 24]]
True label en classified as 1, likelihood 0.44
True label de classified as 4, likelihood 0.44
True label cn classified as 0, likelihood 0.54
True label fr classified as 4, likelihood 0.87
True label ru classified as 3, likelihood 0.74
=======================ite: 816
Distances:
[[  0.       239.17091  200.97464  189.99373  188.26761 ]
 [239.17091    0.       257.3082   155.66267  112.089905]
 [200.97464  257.3082     0.       217.6241   177.62634 ]
 [189.99373  155.66267  217.6241     0.       113.281876]
 [188.26761  112.089905 177.62634  113.281876   0.      ]]
Prediction results 
(pred_axis, truth_axis) 
[[ 1  0 54  0  1]
 [43 35 20  2  1]
 [ 0  0 18  0  0]
 [26 20  4 10 75]
 [30 45  4 88 23]]
True label en classified as 1, likelihood 0.43
True label de classified as 4, likelihood 0.45
True label cn classified as 0, likelihood 0.54
True label fr classified as 4, likelihood 0.88
True label ru classified as 3, likelihood 0.75
=======================ite: 832
Distances:
[[  0.      239.17094 200.97462 189.99373 188.26761]
 [239.17094   0.      257.3082  155.66269 112.0899 ]
 [200.97462 257.3082    0.      217.6241  177.62634]
 [189.99373 155.66269 217.6241    0.      113.28187]
 [188.26761 112.0899  177.62634 113.28187   0.     ]]
Prediction results 
(pred_axis, truth_axis) 
[[ 1  0 54  0  1]
 [44 38 20  3  1]
 [ 0  0 18  0  0]
 [25 14  4 10 74]
 [30 48  4 87 24]]
True label en classified as 1, likelihood 0.44
True label de classified as 4, likelihood 0.48
True label cn classified as 0, likelihood 0.54
True label fr classified as 4, likelihood 0.87
True label ru classified as 3, likelihood 0.74
=======================ite: 848
Distances:
[[  0.      239.17094 200.97462 189.99373 188.26761]
 [239.17094   0.      257.3082  155.6627  112.0899 ]
 [200.97462 257.3082    0.      217.6241  177.62634]
 [189.99373 155.6627  217.6241    0.      113.28187]
 [188.26761 112.0899  177.62634 113.28187   0.     ]]
Prediction results 
(pred_axis, truth_axis) 
[[ 1  0 54  0  1]
 [45 39 20  3  1]
 [ 0  0 18  0  0]
 [26 18  4 10 75]
 [28 43  4 87 23]]
True label en classified as 1, likelihood 0.45
True label de classified as 4, likelihood 0.43
True label cn classified as 0, likelihood 0.54
True label fr classified as 4, likelihood 0.87
True label ru classified as 3, likelihood 0.75
=======================ite: 864
Distances:
[[  0.       239.17096  200.97462  189.99373  188.26762 ]
 [239.17096    0.       257.30823  155.66272  112.08988 ]
 [200.97462  257.30823    0.       217.6241   177.62634 ]
 [189.99373  155.66272  217.6241     0.       113.281876]
 [188.26762  112.08988  177.62634  113.281876   0.      ]]
Prediction results 
(pred_axis, truth_axis) 
[[ 1  0 54  0  1]
 [43 35 20  3  1]
 [ 0  0 18  0  0]
 [26 21  4 10 76]
 [30 44  4 87 22]]
True label en classified as 1, likelihood 0.43
True label de classified as 4, likelihood 0.44
True label cn classified as 0, likelihood 0.54
True label fr classified as 4, likelihood 0.87
True label ru classified as 3, likelihood 0.76
=======================ite: 880
Distances:
[[  0.       239.17099  200.97462  189.99373  188.26762 ]
 [239.17099    0.       257.30823  155.66273  112.089874]
 [200.97462  257.30823    0.       217.6241   177.62634 ]
 [189.99373  155.66273  217.6241     0.       113.281876]
 [188.26762  112.089874 177.62634  113.281876   0.      ]]
Prediction results 
(pred_axis, truth_axis) 
[[ 1  0 54  0  1]
 [43 38 20  3  1]
 [ 0  0 18  0  0]
 [25 15  4 10 74]
