Model: "model"
_________________________________________________________________
Layer (type)                 Output Shape              Param #   
=================================================================
input_1 (InputLayer)         [(None, 400, 40, 1)]      0         
_________________________________________________________________
dropout (Dropout)            (None, 400, 40, 1)        0         
_________________________________________________________________
conv2d (Conv2D)              (None, 400, 40, 32)       320       
_________________________________________________________________
max_pooling2d (MaxPooling2D) (None, 200, 20, 32)       0         
_________________________________________________________________
conv2d_1 (Conv2D)            (None, 200, 20, 64)       18496     
_________________________________________________________________
max_pooling2d_1 (MaxPooling2 (None, 100, 10, 64)       0         
_________________________________________________________________
conv2d_2 (Conv2D)            (None, 100, 10, 128)      73856     
_________________________________________________________________
conv2d_3 (Conv2D)            (None, 100, 10, 256)      295168    
_________________________________________________________________
max_pooling2d_2 (MaxPooling2 (None, 50, 5, 256)        0         
_________________________________________________________________
flatten (Flatten)            (None, 64000)             0         
_________________________________________________________________
embeddings (Dense)           (None, 2000)              128002000 
_________________________________________________________________
flattened_encoder_output (Fl (None, 2000)              0         
_________________________________________________________________
clustering (DECLayer)        (None, 4)                 8000      
=================================================================
Total params: 128,397,840
Trainable params: 128,397,840
Non-trainable params: 0
_________________________________________________________________
=======================ite: 0
Distances:
[[ 0.         8.708271   5.7688184  7.6901526]
 [ 8.708271   0.         7.921543  15.183513 ]
 [ 5.7688184  7.921543   0.        12.399621 ]
 [ 7.6901526 15.183513  12.399621   0.       ]]
Prediction results 
(pred_axis, truth_axis) 
[[18 25 10 67]
 [62  0 89 22]
 [20 20  1  9]
 [ 0 55  0  2]]
True label en classified as 1, likelihood 0.62
True label cn classified as 3, likelihood 0.55
True label fr classified as 1, likelihood 0.89
True label ru classified as 0, likelihood 0.67
=======================ite: 16
Distances:
[[ 0.         8.708423   5.7688823  7.690181 ]
 [ 8.708423   0.         7.9217057 15.183652 ]
 [ 5.7688823  7.9217057  0.        12.399698 ]
 [ 7.690181  15.183652  12.399698   0.       ]]
Prediction results 
(pred_axis, truth_axis) 
[[18 28 10 68]
 [65  0 90 22]
 [17 20  0  8]
 [ 0 52  0  2]]
True label en classified as 1, likelihood 0.65
True label cn classified as 3, likelihood 0.52
True label fr classified as 1, likelihood 0.9
True label ru classified as 0, likelihood 0.68
=======================ite: 32
Distances:
[[ 0.         8.70858    5.7689424  7.690219 ]
 [ 8.70858    0.         7.9218907 15.183813 ]
 [ 5.7689424  7.9218907  0.        12.399776 ]
 [ 7.690219  15.183813  12.399776   0.       ]]
Prediction results 
(pred_axis, truth_axis) 
[[18 26 10 68]
 [66  0 90 22]
 [16 20  0  8]
 [ 0 54  0  2]]
True label en classified as 1, likelihood 0.66
True label cn classified as 3, likelihood 0.54
True label fr classified as 1, likelihood 0.9
True label ru classified as 0, likelihood 0.68
=======================ite: 48
Distances:
[[ 0.        8.708736  5.768995  7.690264]
 [ 8.708736  0.        7.922089 15.183986]
 [ 5.768995  7.922089  0.       12.399847]
 [ 7.690264 15.183986 12.399847  0.      ]]
Prediction results 
(pred_axis, truth_axis) 
[[21 25 10 70]
 [63  0 90 22]
 [16 20  0  6]
 [ 0 55  0  2]]
True label en classified as 1, likelihood 0.63
True label cn classified as 3, likelihood 0.55
True label fr classified as 1, likelihood 0.9
True label ru classified as 0, likelihood 0.7
=======================ite: 64
Distances:
[[ 0.         8.708886   5.7690387  7.6903048]
 [ 8.708886   0.         7.9222803 15.18415  ]
 [ 5.7690387  7.9222803  0.        12.399907 ]
 [ 7.6903048 15.18415   12.399907   0.       ]]
Prediction results 
(pred_axis, truth_axis) 
[[25 24 10 69]
 [60  0 90 22]
 [15 20  0  6]
 [ 0 56  0  3]]
True label en classified as 1, likelihood 0.6
True label cn classified as 3, likelihood 0.56
True label fr classified as 1, likelihood 0.9
True label ru classified as 0, likelihood 0.69
=======================ite: 80
Distances:
[[ 0.         8.709044   5.7690825  7.690344 ]
 [ 8.709044   0.         7.9224796 15.184321 ]
 [ 5.7690825  7.9224796  0.        12.399964 ]
 [ 7.690344  15.184321  12.399964   0.       ]]
Prediction results 
(pred_axis, truth_axis) 
[[18 27 10 68]
 [71  0 90 25]
 [11 20  0  6]
 [ 0 53  0  1]]
True label en classified as 1, likelihood 0.71
True label cn classified as 3, likelihood 0.53
True label fr classified as 1, likelihood 0.9
True label ru classified as 0, likelihood 0.68
=======================ite: 96
Distances:
[[ 0.         8.709214   5.769117   7.6903853]
 [ 8.709214   0.         7.9226956 15.184505 ]
 [ 5.769117   7.9226956  0.        12.400015 ]
 [ 7.6903853 15.184505  12.400015   0.       ]]
Prediction results 
(pred_axis, truth_axis) 
[[26 21 10 70]
 [59  0 90 22]
 [15 19  0  4]
 [ 0 60  0  4]]
True label en classified as 1, likelihood 0.59
True label cn classified as 3, likelihood 0.6
True label fr classified as 1, likelihood 0.9
True label ru classified as 0, likelihood 0.7
=======================ite: 112
Distances:
[[ 0.         8.7093725  5.7691507  7.690426 ]
 [ 8.7093725  0.         7.922896  15.184681 ]
 [ 5.7691507  7.922896   0.        12.400065 ]
 [ 7.690426  15.184681  12.400065   0.       ]]
Prediction results 
(pred_axis, truth_axis) 
[[15 30 10 70]
 [74  0 90 25]
 [11 20  0  5]
 [ 0 50  0  0]]
True label en classified as 1, likelihood 0.74
True label cn classified as 3, likelihood 0.5
True label fr classified as 1, likelihood 0.9
True label ru classified as 0, likelihood 0.7
=======================ite: 128
Distances:
[[ 0.         8.709537   5.7691793  7.6904707]
 [ 8.709537   0.         7.92311   15.18487  ]
 [ 5.7691793  7.92311    0.        12.40011  ]
 [ 7.6904707 15.18487   12.40011    0.       ]]
Prediction results 
(pred_axis, truth_axis) 
[[28 21 10 71]
 [58  0 90 22]
 [14 19  0  3]
 [ 0 60  0  4]]
True label en classified as 1, likelihood 0.58
True label cn classified as 3, likelihood 0.6
True label fr classified as 1, likelihood 0.9
True label ru classified as 0, likelihood 0.71
=======================ite: 144
Distances:
[[ 0.        8.709684  5.769203  7.690508]
 [ 8.709684  0.        7.9233   15.185034]
 [ 5.769203  7.9233    0.       12.400148]
 [ 7.690508 15.185034 12.400148  0.      ]]
Prediction results 
(pred_axis, truth_axis) 
[[28 21 10 71]
 [58  0 90 22]
 [14 19  0  3]
 [ 0 60  0  4]]
True label en classified as 1, likelihood 0.58
True label cn classified as 3, likelihood 0.6
True label fr classified as 1, likelihood 0.9
True label ru classified as 0, likelihood 0.71
=======================ite: 160
Distances:
[[ 0.         8.709835   5.769227   7.690544 ]
 [ 8.709835   0.         7.9234924 15.185199 ]
 [ 5.769227   7.9234924  0.        12.400187 ]
 [ 7.690544  15.185199  12.400187   0.       ]]
Prediction results 
(pred_axis, truth_axis) 
[[17 28 10 71]
 [73  0 90 25]
 [10 20  0  4]
 [ 0 52  0  0]]
True label en classified as 1, likelihood 0.73
True label cn classified as 3, likelihood 0.52
True label fr classified as 1, likelihood 0.9
True label ru classified as 0, likelihood 0.71
=======================ite: 176
Distances:
[[ 0.         8.710001   5.769244   7.6905823]
 [ 8.710001   0.         7.923707  15.185378 ]
 [ 5.769244   7.923707   0.        12.400221 ]
 [ 7.6905823 15.185378  12.400221   0.       ]]
Prediction results 
(pred_axis, truth_axis) 
[[28 22 10 72]
 [57  0 90 22]
 [15 18  0  2]
 [ 0 60  0  4]]
True label en classified as 1, likelihood 0.57
True label cn classified as 3, likelihood 0.6
True label fr classified as 1, likelihood 0.9
True label ru classified as 0, likelihood 0.72
=======================ite: 192
Distances:
[[ 0.         8.710154   5.769263   7.6906195]
 [ 8.710154   0.         7.9239044 15.185545 ]
 [ 5.769263   7.9239044  0.        12.400258 ]
 [ 7.6906195 15.185545  12.400258   0.       ]]
Prediction results 
(pred_axis, truth_axis) 
[[18 29 10 72]
 [72  0 90 24]
 [10 19  0  4]
 [ 0 52  0  0]]
True label en classified as 1, likelihood 0.72
True label cn classified as 3, likelihood 0.52
True label fr classified as 1, likelihood 0.9
True label ru classified as 0, likelihood 0.72
=======================ite: 208
Distances:
[[ 0.         8.710311   5.7692776  7.6906605]
 [ 8.710311   0.         7.924115  15.185723 ]
 [ 5.7692776  7.924115   0.        12.4002905]
 [ 7.6906605 15.185723  12.4002905  0.       ]]
Prediction results 
(pred_axis, truth_axis) 
[[28 22 10 72]
 [58  0 90 22]
 [14 18  0  2]
 [ 0 60  0  4]]
True label en classified as 1, likelihood 0.58
True label cn classified as 3, likelihood 0.6
True label fr classified as 1, likelihood 0.9
True label ru classified as 0, likelihood 0.72
=======================ite: 224
Distances:
[[ 0.         8.710453   5.76929    7.6906934]
 [ 8.710453   0.         7.9243026 15.185878 ]
 [ 5.76929    7.9243026  0.        12.400318 ]
 [ 7.6906934 15.185878  12.400318   0.       ]]
Prediction results 
(pred_axis, truth_axis) 
[[28 22 10 72]
 [58  0 90 22]
 [14 18  0  2]
 [ 0 60  0  4]]
True label en classified as 1, likelihood 0.58
True label cn classified as 3, likelihood 0.6
True label fr classified as 1, likelihood 0.9
True label ru classified as 0, likelihood 0.72
=======================ite: 240
Distances:
[[ 0.         8.7106     5.7693033  7.690725 ]
 [ 8.7106     0.         7.9244947 15.186034 ]
 [ 5.7693033  7.9244947  0.        12.400346 ]
 [ 7.690725  15.186034  12.400346   0.       ]]
Prediction results 
(pred_axis, truth_axis) 
[[18 30 10 72]
 [72  0 90 24]
 [10 18  0  3]
 [ 0 52  0  1]]
True label en classified as 1, likelihood 0.72
True label cn classified as 3, likelihood 0.52
True label fr classified as 1, likelihood 0.9
True label ru classified as 0, likelihood 0.72
=======================ite: 256
Distances:
[[ 0.         8.71076    5.7693105  7.6907597]
 [ 8.71076    0.         7.924707  15.186204 ]
 [ 5.7693105  7.924707   0.        12.400371 ]
 [ 7.6907597 15.186204  12.400371   0.       ]]
Prediction results 
(pred_axis, truth_axis) 
[[28 23 10 72]
 [57  0 90 22]
 [15 17  0  2]
 [ 0 60  0  4]]
True label en classified as 1, likelihood 0.57
True label cn classified as 3, likelihood 0.6
True label fr classified as 1, likelihood 0.9
True label ru classified as 0, likelihood 0.72
=======================ite: 272
Distances:
[[ 0.         8.710908   5.7693205  7.690793 ]
 [ 8.710908   0.         7.924903  15.186364 ]
 [ 5.7693205  7.924903   0.        12.400398 ]
 [ 7.690793  15.186364  12.400398   0.       ]]
Prediction results 
(pred_axis, truth_axis) 
[[18 30 10 74]
 [72  0 90 23]
 [10 18  0  3]
 [ 0 52  0  0]]
True label en classified as 1, likelihood 0.72
True label cn classified as 3, likelihood 0.52
True label fr classified as 1, likelihood 0.9
True label ru classified as 0, likelihood 0.74
=======================ite: 288
Distances:
[[ 0.         8.7110615  5.769328   7.690831 ]
 [ 8.7110615  0.         7.9251127 15.186535 ]
 [ 5.769328   7.9251127  0.        12.400424 ]
 [ 7.690831  15.186535  12.400424   0.       ]]
Prediction results 
(pred_axis, truth_axis) 
[[28 23 10 72]
 [57  0 90 22]
 [15 17  0  2]
 [ 0 60  0  4]]
True label en classified as 1, likelihood 0.57
True label cn classified as 3, likelihood 0.6
True label fr classified as 1, likelihood 0.9
True label ru classified as 0, likelihood 0.72
=======================ite: 304
Distances:
[[ 0.         8.711201   5.7693343  7.690862 ]
 [ 8.711201   0.         7.9252996 15.186685 ]
 [ 5.7693343  7.9252996  0.        12.400446 ]
 [ 7.690862  15.186685  12.400446   0.       ]]
Prediction results 
(pred_axis, truth_axis) 
[[28 24 10 72]
 [57  0 90 22]
 [15 17  0  2]
 [ 0 59  0  4]]
True label en classified as 1, likelihood 0.57
True label cn classified as 3, likelihood 0.59
True label fr classified as 1, likelihood 0.9
True label ru classified as 0, likelihood 0.72
=======================ite: 320
Distances:
[[ 0.         8.711344   5.769342   7.6908913]
 [ 8.711344   0.         7.925491  15.186835 ]
 [ 5.769342   7.925491   0.        12.400467 ]
 [ 7.6908913 15.186835  12.400467   0.       ]]
Prediction results 
(pred_axis, truth_axis) 
[[20 30 10 74]
 [71  0 90 23]
 [ 9 18  0  3]
 [ 0 52  0  0]]
True label en classified as 1, likelihood 0.71
True label cn classified as 3, likelihood 0.52
True label fr classified as 1, likelihood 0.9
True label ru classified as 0, likelihood 0.74
=======================ite: 336
Distances:
[[ 0.         8.711499   5.769343   7.690925 ]
 [ 8.711499   0.         7.9257016 15.186998 ]
 [ 5.769343   7.9257016  0.        12.400487 ]
 [ 7.690925  15.186998  12.400487   0.       ]]
Prediction results 
(pred_axis, truth_axis) 
[[29 23 10 73]
 [57  0 90 22]
 [14 16  0  1]
 [ 0 61  0  4]]
True label en classified as 1, likelihood 0.57
True label cn classified as 3, likelihood 0.61
True label fr classified as 1, likelihood 0.9
True label ru classified as 0, likelihood 0.73
=======================ite: 352
Distances:
[[ 0.         8.711643   5.7693477  7.6909566]
 [ 8.711643   0.         7.925896  15.187153 ]
 [ 5.7693477  7.925896   0.        12.400511 ]
 [ 7.6909566 15.187153  12.400511   0.       ]]
Prediction results 
(pred_axis, truth_axis) 
[[20 31 10 74]
 [71  0 90 23]
 [ 9 17  0  3]
 [ 0 52  0  0]]
True label en classified as 1, likelihood 0.71
True label cn classified as 3, likelihood 0.52
True label fr classified as 1, likelihood 0.9
True label ru classified as 0, likelihood 0.74
=======================ite: 368
Distances:
[[ 0.         8.711791   5.7693505  7.690993 ]
 [ 8.711791   0.         7.926104  15.187317 ]
 [ 5.7693505  7.926104   0.        12.400531 ]
 [ 7.690993  15.187317  12.400531   0.       ]]
Prediction results 
(pred_axis, truth_axis) 
[[29 25 10 75]
 [57  0 90 22]
 [14 16  0  1]
 [ 0 59  0  2]]
True label en classified as 1, likelihood 0.57
True label cn classified as 3, likelihood 0.59
True label fr classified as 1, likelihood 0.9
True label ru classified as 0, likelihood 0.75
=======================ite: 384
Distances:
[[ 0.         8.711925   5.7693524  7.691022 ]
 [ 8.711925   0.         7.9262886 15.187459 ]
 [ 5.7693524  7.9262886  0.        12.400548 ]
 [ 7.691022  15.187459  12.400548   0.       ]]
Prediction results 
(pred_axis, truth_axis) 
[[29 25 10 75]
 [57  0 90 22]
 [14 16  0  1]
 [ 0 59  0  2]]
True label en classified as 1, likelihood 0.57
True label cn classified as 3, likelihood 0.59
True label fr classified as 1, likelihood 0.9
True label ru classified as 0, likelihood 0.75
=======================ite: 400
Distances:
[[ 0.         8.712062   5.769355   7.6910496]
 [ 8.712062   0.         7.9264774 15.187603 ]
 [ 5.769355   7.9264774  0.        12.400564 ]
 [ 7.6910496 15.187603  12.400564   0.       ]]
Prediction results 
(pred_axis, truth_axis) 
[[21 31 10 74]
 [70  0 90 23]
 [ 9 17  0  3]
 [ 0 52  0  0]]
True label en classified as 1, likelihood 0.7
True label cn classified as 3, likelihood 0.52
True label fr classified as 1, likelihood 0.9
True label ru classified as 0, likelihood 0.74
=======================ite: 416
Distances:
[[ 0.         8.712209   5.769351   7.6910825]
 [ 8.712209   0.         7.9266853 15.187759 ]
 [ 5.769351   7.9266853  0.        12.40058  ]
 [ 7.6910825 15.187759  12.40058    0.       ]]
Prediction results 
(pred_axis, truth_axis) 
[[29 23 10 74]
 [57  0 90 22]
 [14 16  0  0]
 [ 0 61  0  4]]
True label en classified as 1, likelihood 0.57
True label cn classified as 3, likelihood 0.61
True label fr classified as 1, likelihood 0.9
True label ru classified as 0, likelihood 0.74
=======================ite: 432
Distances:
[[ 0.         8.712347   5.769352   7.6911135]
 [ 8.712347   0.         7.9268785 15.187908 ]
 [ 5.769352   7.9268785  0.        12.4006   ]
 [ 7.6911135 15.187908  12.4006     0.       ]]
Prediction results 
(pred_axis, truth_axis) 
[[21 32 10 75]
 [70  0 90 23]
 [ 9 17  0  2]
 [ 0 51  0  0]]
True label en classified as 1, likelihood 0.7
True label cn classified as 3, likelihood 0.51
True label fr classified as 1, likelihood 0.9
True label ru classified as 0, likelihood 0.75
=======================ite: 448
Distances:
[[ 0.         8.712489   5.7693505  7.6911497]
 [ 8.712489   0.         7.927085  15.188067 ]
 [ 5.7693505  7.927085   0.        12.400619 ]
 [ 7.6911497 15.188067  12.400619   0.       ]]
Prediction results 
(pred_axis, truth_axis) 
[[29 25 10 75]
 [57  0 90 22]
 [14 16  0  1]
 [ 0 59  0  2]]
True label en classified as 1, likelihood 0.57
True label cn classified as 3, likelihood 0.59
True label fr classified as 1, likelihood 0.9
True label ru classified as 0, likelihood 0.75
=======================ite: 464
Distances:
[[ 0.         8.712619   5.7693496  7.6911793]
 [ 8.712619   0.         7.927269  15.188206 ]
 [ 5.7693496  7.927269   0.        12.400634 ]
 [ 7.6911793 15.188206  12.400634   0.       ]]
Prediction results 
(pred_axis, truth_axis) 
[[29 25 10 75]
 [57  0 90 22]
 [14 16  0  1]
 [ 0 59  0  2]]
True label en classified as 1, likelihood 0.57
True label cn classified as 3, likelihood 0.59
True label fr classified as 1, likelihood 0.9
True label ru classified as 0, likelihood 0.75
=======================ite: 480
Distances:
[[ 0.         8.712752   5.7693486  7.6912065]
 [ 8.712752   0.         7.927458  15.188347 ]
 [ 5.7693486  7.927458   0.        12.400649 ]
 [ 7.6912065 15.188347  12.400649   0.       ]]
Prediction results 
(pred_axis, truth_axis) 
[[21 30 10 74]
 [70  0 90 23]
 [ 9 17  0  2]
 [ 0 53  0  1]]
True label en classified as 1, likelihood 0.7
True label cn classified as 3, likelihood 0.53
True label fr classified as 1, likelihood 0.9
True label ru classified as 0, likelihood 0.74
=======================ite: 496
Distances:
[[ 0.         8.712896   5.769342   7.69124  ]
 [ 8.712896   0.         7.9276657 15.1885   ]
 [ 5.769342   7.9276657  0.        12.400663 ]
 [ 7.69124   15.1885    12.400663   0.       ]]
Prediction results 
(pred_axis, truth_axis) 
[[30 24 10 74]
 [57  0 90 22]
 [13 15  0  0]
 [ 0 61  0  4]]
True label en classified as 1, likelihood 0.57
True label cn classified as 3, likelihood 0.61
True label fr classified as 1, likelihood 0.9
True label ru classified as 0, likelihood 0.74
